1.00000000, 1.00000000, 1.00000000, 1.00000000, 1.00000000, 1.00000000, 1.00000000, 1.00000000, 1.00000000, 1.00000000, 1.00000000, 1.00000000, 1.00000000, 1.00000000, 1.00000000, 1.00000000, 1.00000000, 1.00000000, 1.00000000, 1.00000000, 1.00000000, 1.00000000, 1.00000000, 1.00000000, 1.00000000, 1.00000000, 1.00000000, 1.00000000, 1.00000000, 1.00000000, 1.00000000, 1.00000000, 1.00000000, 1.00000000, 1.00000000, 1.00000000, 1.00000000, 1.00000000, 1.00000000, 1.00000000, 1.00000000, 1.00000000, 1.00000000, 1.00000000, 1.00000000, 1.00000000, 1.00000000, 1.00000000, 1.00000000, 1.00000000, 1.00000000, 1.00000000, 1.00000000, 1.00000000, 1.00000000, 1.00000000, 1.00000000, 1.00000000, 1.00000000, 1.00000000, 1.00000000, 1.00000000, 1.00000000, 1.00000000, 1.00000000, 1.00000000, 1.00000000, 1.00000000, 1.00000000, 1.00000000, 1.00000000, 1.00000000, 1.00000000, 1.00000000, 1.00000000, 1.00000000, 1.00000000, 1.00000000, 1.00000000, 1.00000000, 1.00000000, 1.00000000, 1.00000000, 1.00000000, 1.00000000, 1.00000000, 1.00000000, 1.00000000, 1.00000000, 1.00000000, 1.00000000, 1.00000000, 1.00000000, 1.00000000, 1.00000000, 1.00000000, 1.00000000, 1.00000000, 1.00000000, 1.00000000, 
1.00000000, 1.00000000, 1.00000000, 1.00000000, 1.00000000, 1.00000000, 1.00000000, 1.00000000, 1.00000000, 1.00000000, 1.00000000, 1.00000000, 1.00000000, 1.00000000, 1.00000000, 1.00000000, 1.00000000, 1.00000000, 1.00000000, 1.00000000, 1.00000000, 1.00000000, 1.00000000, 1.00000000, 1.00000000, 1.00000000, 1.00000000, 1.00000000, 1.00000000, 1.00000000, 1.00000000, 1.00000000, 1.00000000, 1.00000000, 1.00000000, 1.00000000, 1.00000000, 1.00000000, 1.00000000, 1.00000000, 1.00000000, 1.00000000, 1.00000000, 1.00000000, 1.00000000, 1.00000000, 1.00000000, 1.00000000, 1.00000000, 1.00000000, 1.00000000, 1.00000000, 1.00000000, 1.00000000, 1.00000000, 1.00000000, 1.00000000, 1.00000000, 1.00000000, 1.00000000, 1.00000000, 1.00000000, 1.00000000, 1.00000000, 1.00000000, 1.00000000, 1.00000000, 1.00000000, 1.00000000, 1.00000000, 1.00000000, 1.00000000, 1.00000000, 1.00000000, 1.00000000, 1.00000000, 1.00000000, 1.00000000, 1.00000000, 1.00000000, 1.00000000, 1.00000000, 1.00000000, 1.00000000, 1.00000000, 1.00000000, 1.00000000, 1.00000000, 1.00000000, 1.00000000, 1.00000000, 1.00000000, 1.00000000, 1.00000000, 1.00000000, 1.00000000, 1.00000000, 1.00000000, 1.00000000, 1.00000000, 
0.99999996, 0.99999996, 0.99999996, 0.99999996, 0.99999996, 0.99999996, 0.99999996, 0.99999996, 0.99999996, 0.99999996, 0.99999996, 0.99999996, 0.99999996, 0.99999996, 0.99999996, 0.99999996, 0.99999996, 0.99999996, 0.99999996, 0.99999996, 0.99999996, 0.99999996, 0.99999996, 0.99999996, 0.99999996, 0.99999996, 0.99999996, 0.99999996, 0.99999996, 0.99999996, 0.99999996, 0.99999996, 0.99999996, 0.99999996, 0.99999996, 0.99999996, 0.99999996, 0.99999996, 0.99999996, 0.99999996, 0.99999996, 0.99999996, 0.99999996, 0.99999996, 0.99999996, 0.99999996, 0.99999996, 0.99999996, 0.99999996, 0.99999996, 0.99999996, 0.99999996, 0.99999996, 0.99999996, 0.99999996, 0.99999996, 0.99999996, 0.99999996, 0.99999996, 0.99999996, 0.99999996, 0.99999996, 0.99999996, 0.99999996, 0.99999996, 0.99999996, 0.99999996, 0.99999996, 0.99999996, 0.99999996, 0.99999996, 0.99999996, 0.99999996, 0.99999996, 0.99999996, 0.99999996, 0.99999996, 0.99999996, 0.99999996, 0.99999996, 0.99999996, 0.99999996, 0.99999996, 0.99999996, 0.99999996, 0.99999996, 0.99999996, 0.99999996, 0.99999996, 0.99999996, 0.99999996, 0.99999996, 0.99999996, 0.99999996, 0.99999996, 0.99999996, 0.99999996, 0.99999996, 0.99999996, 0.99999996, 
0.99999990, 0.99999990, 0.99999990, 0.99999990, 0.99999990, 0.99999990, 0.99999990, 0.99999990, 0.99999990, 0.99999990, 0.99999990, 0.99999990, 0.99999990, 0.99999990, 0.99999990, 0.99999990, 0.99999990, 0.99999990, 0.99999990, 0.99999990, 0.99999990, 0.99999990, 0.99999990, 0.99999990, 0.99999990, 0.99999990, 0.99999990, 0.99999990, 0.99999990, 0.99999990, 0.99999990, 0.99999990, 0.99999990, 0.99999990, 0.99999990, 0.99999990, 0.99999990, 0.99999990, 0.99999990, 0.99999990, 0.99999990, 0.99999990, 0.99999990, 0.99999990, 0.99999990, 0.99999990, 0.99999990, 0.99999990, 0.99999990, 0.99999990, 0.99999990, 0.99999990, 0.99999990, 0.99999990, 0.99999990, 0.99999990, 0.99999990, 0.99999990, 0.99999990, 0.99999990, 0.99999990, 0.99999990, 0.99999990, 0.99999990, 0.99999990, 0.99999990, 0.99999990, 0.99999990, 0.99999990, 0.99999990, 0.99999990, 0.99999990, 0.99999990, 0.99999990, 0.99999990, 0.99999990, 0.99999990, 0.99999990, 0.99999990, 0.99999990, 0.99999990, 0.99999990, 0.99999990, 0.99999990, 0.99999990, 0.99999990, 0.99999990, 0.99999990, 0.99999990, 0.99999990, 0.99999990, 0.99999990, 0.99999990, 0.99999990, 0.99999990, 0.99999990, 0.99999990, 0.99999990, 0.99999990, 0.99999990, 
0.99999973, 0.99999973, 0.99999973, 0.99999973, 0.99999973, 0.99999973, 0.99999973, 0.99999973, 0.99999973, 0.99999973, 0.99999973, 0.99999973, 0.99999973, 0.99999973, 0.99999973, 0.99999973, 0.99999973, 0.99999973, 0.99999973, 0.99999973, 0.99999973, 0.99999973, 0.99999973, 0.99999973, 0.99999973, 0.99999973, 0.99999973, 0.99999973, 0.99999973, 0.99999973, 0.99999973, 0.99999973, 0.99999973, 0.99999973, 0.99999973, 0.99999973, 0.99999973, 0.99999973, 0.99999973, 0.99999973, 0.99999973, 0.99999973, 0.99999973, 0.99999973, 0.99999973, 0.99999973, 0.99999973, 0.99999973, 0.99999973, 0.99999973, 0.99999973, 0.99999973, 0.99999973, 0.99999973, 0.99999973, 0.99999973, 0.99999973, 0.99999973, 0.99999973, 0.99999973, 0.99999973, 0.99999973, 0.99999973, 0.99999973, 0.99999973, 0.99999973, 0.99999973, 0.99999973, 0.99999973, 0.99999973, 0.99999973, 0.99999973, 0.99999973, 0.99999973, 0.99999973, 0.99999973, 0.99999973, 0.99999973, 0.99999973, 0.99999973, 0.99999973, 0.99999973, 0.99999973, 0.99999973, 0.99999973, 0.99999973, 0.99999973, 0.99999973, 0.99999973, 0.99999973, 0.99999973, 0.99999973, 0.99999973, 0.99999973, 0.99999973, 0.99999973, 0.99999973, 0.99999973, 0.99999973, 0.99999973, 
0.99999933, 0.99999933, 0.99999933, 0.99999933, 0.99999933, 0.99999933, 0.99999933, 0.99999933, 0.99999933, 0.99999933, 0.99999933, 0.99999933, 0.99999933, 0.99999933, 0.99999933, 0.99999933, 0.99999933, 0.99999933, 0.99999933, 0.99999933, 0.99999933, 0.99999933, 0.99999933, 0.99999933, 0.99999933, 0.99999933, 0.99999933, 0.99999933, 0.99999933, 0.99999933, 0.99999933, 0.99999933, 0.99999933, 0.99999933, 0.99999933, 0.99999933, 0.99999933, 0.99999933, 0.99999933, 0.99999933, 0.99999933, 0.99999933, 0.99999933, 0.99999933, 0.99999933, 0.99999933, 0.99999933, 0.99999933, 0.99999933, 0.99999933, 0.99999933, 0.99999933, 0.99999933, 0.99999933, 0.99999933, 0.99999933, 0.99999933, 0.99999933, 0.99999933, 0.99999933, 0.99999933, 0.99999933, 0.99999933, 0.99999933, 0.99999933, 0.99999933, 0.99999933, 0.99999933, 0.99999933, 0.99999933, 0.99999933, 0.99999933, 0.99999933, 0.99999933, 0.99999933, 0.99999933, 0.99999933, 0.99999933, 0.99999933, 0.99999933, 0.99999933, 0.99999933, 0.99999933, 0.99999933, 0.99999933, 0.99999933, 0.99999933, 0.99999933, 0.99999933, 0.99999933, 0.99999933, 0.99999933, 0.99999933, 0.99999933, 0.99999933, 0.99999933, 0.99999933, 0.99999933, 0.99999933, 0.99999933, 
0.99999836, 0.99999836, 0.99999836, 0.99999836, 0.99999836, 0.99999836, 0.99999836, 0.99999836, 0.99999836, 0.99999836, 0.99999836, 0.99999836, 0.99999836, 0.99999836, 0.99999836, 0.99999836, 0.99999836, 0.99999836, 0.99999836, 0.99999836, 0.99999836, 0.99999836, 0.99999836, 0.99999836, 0.99999836, 0.99999836, 0.99999836, 0.99999836, 0.99999836, 0.99999836, 0.99999836, 0.99999836, 0.99999836, 0.99999836, 0.99999836, 0.99999836, 0.99999836, 0.99999836, 0.99999836, 0.99999836, 0.99999836, 0.99999836, 0.99999836, 0.99999836, 0.99999836, 0.99999836, 0.99999836, 0.99999836, 0.99999836, 0.99999836, 0.99999836, 0.99999836, 0.99999836, 0.99999836, 0.99999836, 0.99999836, 0.99999836, 0.99999836, 0.99999836, 0.99999836, 0.99999836, 0.99999836, 0.99999836, 0.99999836, 0.99999836, 0.99999836, 0.99999836, 0.99999836, 0.99999836, 0.99999836, 0.99999836, 0.99999836, 0.99999836, 0.99999836, 0.99999836, 0.99999836, 0.99999836, 0.99999836, 0.99999836, 0.99999836, 0.99999836, 0.99999836, 0.99999836, 0.99999836, 0.99999836, 0.99999836, 0.99999836, 0.99999836, 0.99999836, 0.99999836, 0.99999836, 0.99999836, 0.99999836, 0.99999836, 0.99999836, 0.99999836, 0.99999836, 0.99999836, 0.99999836, 0.99999836, 
0.99999610, 0.99999610, 0.99999610, 0.99999610, 0.99999610, 0.99999610, 0.99999610, 0.99999610, 0.99999610, 0.99999610, 0.99999610, 0.99999610, 0.99999610, 0.99999610, 0.99999610, 0.99999610, 0.99999610, 0.99999610, 0.99999610, 0.99999610, 0.99999610, 0.99999610, 0.99999610, 0.99999610, 0.99999610, 0.99999610, 0.99999610, 0.99999610, 0.99999610, 0.99999610, 0.99999610, 0.99999610, 0.99999610, 0.99999610, 0.99999610, 0.99999610, 0.99999610, 0.99999610, 0.99999610, 0.99999610, 0.99999610, 0.99999610, 0.99999610, 0.99999610, 0.99999610, 0.99999610, 0.99999610, 0.99999610, 0.99999610, 0.99999610, 0.99999610, 0.99999610, 0.99999610, 0.99999610, 0.99999610, 0.99999610, 0.99999610, 0.99999610, 0.99999610, 0.99999610, 0.99999610, 0.99999610, 0.99999610, 0.99999610, 0.99999610, 0.99999610, 0.99999610, 0.99999610, 0.99999610, 0.99999610, 0.99999610, 0.99999610, 0.99999610, 0.99999610, 0.99999610, 0.99999610, 0.99999610, 0.99999610, 0.99999610, 0.99999610, 0.99999610, 0.99999610, 0.99999610, 0.99999610, 0.99999610, 0.99999610, 0.99999610, 0.99999610, 0.99999610, 0.99999610, 0.99999610, 0.99999610, 0.99999610, 0.99999610, 0.99999610, 0.99999610, 0.99999610, 0.99999610, 0.99999610, 0.99999610, 
0.99999102, 0.99999102, 0.99999102, 0.99999102, 0.99999102, 0.99999102, 0.99999102, 0.99999102, 0.99999102, 0.99999102, 0.99999102, 0.99999102, 0.99999102, 0.99999102, 0.99999102, 0.99999102, 0.99999102, 0.99999102, 0.99999102, 0.99999102, 0.99999102, 0.99999102, 0.99999102, 0.99999102, 0.99999102, 0.99999102, 0.99999102, 0.99999102, 0.99999102, 0.99999102, 0.99999102, 0.99999102, 0.99999102, 0.99999102, 0.99999102, 0.99999102, 0.99999102, 0.99999102, 0.99999102, 0.99999102, 0.99999102, 0.99999102, 0.99999102, 0.99999102, 0.99999102, 0.99999102, 0.99999102, 0.99999102, 0.99999102, 0.99999102, 0.99999102, 0.99999102, 0.99999102, 0.99999102, 0.99999102, 0.99999102, 0.99999102, 0.99999102, 0.99999102, 0.99999102, 0.99999102, 0.99999102, 0.99999102, 0.99999102, 0.99999102, 0.99999102, 0.99999102, 0.99999102, 0.99999102, 0.99999102, 0.99999102, 0.99999102, 0.99999102, 0.99999102, 0.99999102, 0.99999102, 0.99999102, 0.99999102, 0.99999102, 0.99999102, 0.99999102, 0.99999102, 0.99999102, 0.99999102, 0.99999102, 0.99999102, 0.99999102, 0.99999102, 0.99999102, 0.99999102, 0.99999102, 0.99999102, 0.99999102, 0.99999102, 0.99999102, 0.99999102, 0.99999102, 0.99999102, 0.99999102, 0.99999102, 
0.99997994, 0.99997994, 0.99997994, 0.99997994, 0.99997994, 0.99997994, 0.99997994, 0.99997994, 0.99997994, 0.99997994, 0.99997994, 0.99997994, 0.99997994, 0.99997994, 0.99997994, 0.99997994, 0.99997994, 0.99997994, 0.99997994, 0.99997994, 0.99997994, 0.99997994, 0.99997994, 0.99997994, 0.99997994, 0.99997994, 0.99997994, 0.99997994, 0.99997994, 0.99997994, 0.99997994, 0.99997994, 0.99997994, 0.99997994, 0.99997994, 0.99997994, 0.99997994, 0.99997994, 0.99997994, 0.99997994, 0.99997994, 0.99997994, 0.99997994, 0.99997994, 0.99997994, 0.99997994, 0.99997994, 0.99997994, 0.99997994, 0.99997994, 0.99997994, 0.99997994, 0.99997994, 0.99997994, 0.99997994, 0.99997994, 0.99997994, 0.99997994, 0.99997994, 0.99997994, 0.99997994, 0.99997994, 0.99997994, 0.99997994, 0.99997994, 0.99997994, 0.99997994, 0.99997994, 0.99997994, 0.99997994, 0.99997994, 0.99997994, 0.99997994, 0.99997994, 0.99997994, 0.99997994, 0.99997994, 0.99997994, 0.99997994, 0.99997994, 0.99997994, 0.99997994, 0.99997994, 0.99997994, 0.99997994, 0.99997994, 0.99997994, 0.99997994, 0.99997994, 0.99997994, 0.99997994, 0.99997994, 0.99997994, 0.99997994, 0.99997994, 0.99997994, 0.99997994, 0.99997994, 0.99997994, 0.99997994, 
0.99995654, 0.99995654, 0.99995654, 0.99995654, 0.99995654, 0.99995654, 0.99995654, 0.99995654, 0.99995654, 0.99995654, 0.99995654, 0.99995654, 0.99995654, 0.99995654, 0.99995654, 0.99995654, 0.99995654, 0.99995654, 0.99995654, 0.99995654, 0.99995654, 0.99995654, 0.99995654, 0.99995654, 0.99995654, 0.99995654, 0.99995654, 0.99995654, 0.99995654, 0.99995654, 0.99995654, 0.99995654, 0.99995654, 0.99995654, 0.99995654, 0.99995654, 0.99995654, 0.99995654, 0.99995654, 0.99995654, 0.99995654, 0.99995654, 0.99995654, 0.99995654, 0.99995654, 0.99995654, 0.99995654, 0.99995654, 0.99995654, 0.99995654, 0.99995654, 0.99995654, 0.99995654, 0.99995654, 0.99995654, 0.99995654, 0.99995654, 0.99995654, 0.99995654, 0.99995654, 0.99995654, 0.99995654, 0.99995654, 0.99995654, 0.99995654, 0.99995654, 0.99995654, 0.99995654, 0.99995654, 0.99995654, 0.99995654, 0.99995654, 0.99995654, 0.99995654, 0.99995654, 0.99995654, 0.99995654, 0.99995654, 0.99995654, 0.99995654, 0.99995654, 0.99995654, 0.99995654, 0.99995654, 0.99995654, 0.99995654, 0.99995654, 0.99995654, 0.99995654, 0.99995654, 0.99995654, 0.99995654, 0.99995654, 0.99995654, 0.99995654, 0.99995654, 0.99995654, 0.99995654, 0.99995654, 0.99995654, 
0.99990882, 0.99990882, 0.99990882, 0.99990882, 0.99990882, 0.99990882, 0.99990882, 0.99990882, 0.99990882, 0.99990882, 0.99990882, 0.99990882, 0.99990882, 0.99990882, 0.99990882, 0.99990882, 0.99990882, 0.99990882, 0.99990882, 0.99990882, 0.99990882, 0.99990882, 0.99990882, 0.99990882, 0.99990882, 0.99990882, 0.99990882, 0.99990882, 0.99990882, 0.99990882, 0.99990882, 0.99990882, 0.99990882, 0.99990882, 0.99990882, 0.99990882, 0.99990882, 0.99990882, 0.99990882, 0.99990882, 0.99990882, 0.99990882, 0.99990882, 0.99990882, 0.99990882, 0.99990882, 0.99990882, 0.99990882, 0.99990882, 0.99990882, 0.99990882, 0.99990882, 0.99990882, 0.99990882, 0.99990882, 0.99990882, 0.99990882, 0.99990882, 0.99990882, 0.99990882, 0.99990882, 0.99990882, 0.99990882, 0.99990882, 0.99990882, 0.99990882, 0.99990882, 0.99990882, 0.99990882, 0.99990882, 0.99990882, 0.99990882, 0.99990882, 0.99990882, 0.99990882, 0.99990882, 0.99990882, 0.99990882, 0.99990882, 0.99990882, 0.99990882, 0.99990882, 0.99990882, 0.99990882, 0.99990882, 0.99990882, 0.99990882, 0.99990882, 0.99990882, 0.99990882, 0.99990882, 0.99990882, 0.99990882, 0.99990882, 0.99990882, 0.99990882, 0.99990882, 0.99990882, 0.99990882, 0.99990882, 
0.99981495, 0.99981495, 0.99981495, 0.99981495, 0.99981495, 0.99981495, 0.99981495, 0.99981495, 0.99981495, 0.99981495, 0.99981495, 0.99981495, 0.99981495, 0.99981495, 0.99981495, 0.99981495, 0.99981495, 0.99981495, 0.99981495, 0.99981495, 0.99981495, 0.99981495, 0.99981495, 0.99981495, 0.99981495, 0.99981495, 0.99981495, 0.99981495, 0.99981495, 0.99981495, 0.99981495, 0.99981495, 0.99981495, 0.99981495, 0.99981495, 0.99981495, 0.99981495, 0.99981495, 0.99981495, 0.99981495, 0.99981495, 0.99981495, 0.99981495, 0.99981495, 0.99981495, 0.99981495, 0.99981495, 0.99981495, 0.99981495, 0.99981495, 0.99981495, 0.99981495, 0.99981495, 0.99981495, 0.99981495, 0.99981495, 0.99981495, 0.99981495, 0.99981495, 0.99981495, 0.99981495, 0.99981495, 0.99981495, 0.99981495, 0.99981495, 0.99981495, 0.99981495, 0.99981495, 0.99981495, 0.99981495, 0.99981495, 0.99981495, 0.99981495, 0.99981495, 0.99981495, 0.99981495, 0.99981495, 0.99981495, 0.99981495, 0.99981495, 0.99981495, 0.99981495, 0.99981495, 0.99981495, 0.99981495, 0.99981495, 0.99981495, 0.99981495, 0.99981495, 0.99981495, 0.99981495, 0.99981495, 0.99981495, 0.99981495, 0.99981495, 0.99981495, 0.99981495, 0.99981495, 0.99981495, 0.99981495, 
0.99963704, 0.99963704, 0.99963704, 0.99963704, 0.99963704, 0.99963704, 0.99963704, 0.99963704, 0.99963704, 0.99963704, 0.99963704, 0.99963704, 0.99963704, 0.99963704, 0.99963704, 0.99963704, 0.99963704, 0.99963704, 0.99963704, 0.99963704, 0.99963704, 0.99963704, 0.99963704, 0.99963704, 0.99963704, 0.99963704, 0.99963704, 0.99963704, 0.99963704, 0.99963704, 0.99963704, 0.99963704, 0.99963704, 0.99963704, 0.99963704, 0.99963704, 0.99963704, 0.99963704, 0.99963704, 0.99963704, 0.99963704, 0.99963704, 0.99963704, 0.99963704, 0.99963704, 0.99963704, 0.99963704, 0.99963704, 0.99963704, 0.99963704, 0.99963704, 0.99963704, 0.99963704, 0.99963704, 0.99963704, 0.99963704, 0.99963704, 0.99963704, 0.99963704, 0.99963704, 0.99963704, 0.99963704, 0.99963704, 0.99963704, 0.99963704, 0.99963704, 0.99963704, 0.99963704, 0.99963704, 0.99963704, 0.99963704, 0.99963704, 0.99963704, 0.99963704, 0.99963704, 0.99963704, 0.99963704, 0.99963704, 0.99963704, 0.99963704, 0.99963704, 0.99963704, 0.99963704, 0.99963704, 0.99963704, 0.99963704, 0.99963704, 0.99963704, 0.99963704, 0.99963704, 0.99963704, 0.99963704, 0.99963704, 0.99963704, 0.99963704, 0.99963704, 0.99963704, 0.99963704, 0.99963704, 0.99963704, 
0.99931272, 0.99931272, 0.99931272, 0.99931272, 0.99931272, 0.99931272, 0.99931272, 0.99931272, 0.99931272, 0.99931272, 0.99931272, 0.99931272, 0.99931272, 0.99931272, 0.99931272, 0.99931272, 0.99931272, 0.99931272, 0.99931272, 0.99931272, 0.99931272, 0.99931272, 0.99931272, 0.99931272, 0.99931272, 0.99931272, 0.99931272, 0.99931272, 0.99931272, 0.99931272, 0.99931272, 0.99931272, 0.99931272, 0.99931272, 0.99931272, 0.99931272, 0.99931272, 0.99931272, 0.99931272, 0.99931272, 0.99931272, 0.99931272, 0.99931272, 0.99931272, 0.99931272, 0.99931272, 0.99931272, 0.99931272, 0.99931272, 0.99931272, 0.99931272, 0.99931272, 0.99931272, 0.99931272, 0.99931272, 0.99931272, 0.99931272, 0.99931272, 0.99931272, 0.99931272, 0.99931272, 0.99931272, 0.99931272, 0.99931272, 0.99931272, 0.99931272, 0.99931272, 0.99931272, 0.99931272, 0.99931272, 0.99931272, 0.99931272, 0.99931272, 0.99931272, 0.99931272, 0.99931272, 0.99931272, 0.99931272, 0.99931272, 0.99931272, 0.99931272, 0.99931272, 0.99931272, 0.99931272, 0.99931272, 0.99931272, 0.99931272, 0.99931272, 0.99931272, 0.99931272, 0.99931272, 0.99931272, 0.99931272, 0.99931272, 0.99931272, 0.99931272, 0.99931272, 0.99931272, 0.99931272, 0.99931272, 
0.99874488, 0.99874488, 0.99874488, 0.99874488, 0.99874488, 0.99874488, 0.99874488, 0.99874488, 0.99874488, 0.99874488, 0.99874488, 0.99874488, 0.99874488, 0.99874488, 0.99874488, 0.99874488, 0.99874488, 0.99874488, 0.99874488, 0.99874488, 0.99874488, 0.99874488, 0.99874488, 0.99874488, 0.99874488, 0.99874488, 0.99874488, 0.99874488, 0.99874488, 0.99874488, 0.99874488, 0.99874488, 0.99874488, 0.99874488, 0.99874488, 0.99874488, 0.99874488, 0.99874488, 0.99874488, 0.99874488, 0.99874488, 0.99874488, 0.99874488, 0.99874488, 0.99874488, 0.99874488, 0.99874488, 0.99874488, 0.99874488, 0.99874488, 0.99874488, 0.99874488, 0.99874488, 0.99874488, 0.99874488, 0.99874488, 0.99874488, 0.99874488, 0.99874488, 0.99874488, 0.99874488, 0.99874488, 0.99874488, 0.99874488, 0.99874488, 0.99874488, 0.99874488, 0.99874488, 0.99874488, 0.99874488, 0.99874488, 0.99874488, 0.99874488, 0.99874488, 0.99874488, 0.99874488, 0.99874488, 0.99874488, 0.99874488, 0.99874488, 0.99874488, 0.99874488, 0.99874488, 0.99874488, 0.99874488, 0.99874488, 0.99874488, 0.99874488, 0.99874488, 0.99874488, 0.99874488, 0.99874488, 0.99874488, 0.99874488, 0.99874488, 0.99874488, 0.99874488, 0.99874488, 0.99874488, 0.99874488, 
0.99779144, 0.99779144, 0.99779144, 0.99779144, 0.99779144, 0.99779144, 0.99779144, 0.99779144, 0.99779144, 0.99779144, 0.99779144, 0.99779144, 0.99779144, 0.99779144, 0.99779144, 0.99779144, 0.99779144, 0.99779144, 0.99779144, 0.99779144, 0.99779144, 0.99779144, 0.99779144, 0.99779144, 0.99779144, 0.99779144, 0.99779144, 0.99779144, 0.99779144, 0.99779144, 0.99779144, 0.99779144, 0.99779144, 0.99779144, 0.99779144, 0.99779144, 0.99779144, 0.99779144, 0.99779144, 0.99779144, 0.99779144, 0.99779144, 0.99779144, 0.99779144, 0.99779144, 0.99779144, 0.99779144, 0.99779144, 0.99779144, 0.99779144, 0.99779144, 0.99779144, 0.99779144, 0.99779144, 0.99779144, 0.99779144, 0.99779144, 0.99779144, 0.99779144, 0.99779144, 0.99779144, 0.99779144, 0.99779144, 0.99779144, 0.99779144, 0.99779144, 0.99779144, 0.99779144, 0.99779144, 0.99779144, 0.99779144, 0.99779144, 0.99779144, 0.99779144, 0.99779144, 0.99779144, 0.99779144, 0.99779144, 0.99779144, 0.99779144, 0.99779144, 0.99779144, 0.99779144, 0.99779144, 0.99779144, 0.99779144, 0.99779144, 0.99779144, 0.99779144, 0.99779144, 0.99779144, 0.99779144, 0.99779144, 0.99779144, 0.99779144, 0.99779144, 0.99779144, 0.99779144, 0.99779144, 0.99779144, 
0.99625812, 0.99625812, 0.99625812, 0.99625812, 0.99625812, 0.99625812, 0.99625812, 0.99625812, 0.99625812, 0.99625812, 0.99625812, 0.99625812, 0.99625812, 0.99625812, 0.99625812, 0.99625812, 0.99625812, 0.99625812, 0.99625812, 0.99625812, 0.99625812, 0.99625812, 0.99625812, 0.99625812, 0.99625812, 0.99625812, 0.99625812, 0.99625812, 0.99625812, 0.99625812, 0.99625812, 0.99625812, 0.99625812, 0.99625812, 0.99625812, 0.99625812, 0.99625812, 0.99625812, 0.99625812, 0.99625812, 0.99625812, 0.99625812, 0.99625812, 0.99625812, 0.99625812, 0.99625812, 0.99625812, 0.99625812, 0.99625812, 0.99625812, 0.99625812, 0.99625812, 0.99625812, 0.99625812, 0.99625812, 0.99625812, 0.99625812, 0.99625812, 0.99625812, 0.99625812, 0.99625812, 0.99625812, 0.99625812, 0.99625812, 0.99625812, 0.99625812, 0.99625812, 0.99625812, 0.99625812, 0.99625812, 0.99625812, 0.99625812, 0.99625812, 0.99625812, 0.99625812, 0.99625812, 0.99625812, 0.99625812, 0.99625812, 0.99625812, 0.99625812, 0.99625812, 0.99625812, 0.99625812, 0.99625812, 0.99625812, 0.99625812, 0.99625812, 0.99625812, 0.99625812, 0.99625812, 0.99625812, 0.99625812, 0.99625812, 0.99625812, 0.99625812, 0.99625812, 0.99625812, 0.99625812, 0.99625812, 
0.99389868, 0.99389868, 0.99389868, 0.99389868, 0.99389868, 0.99389868, 0.99389868, 0.99389868, 0.99389868, 0.99389868, 0.99389868, 0.99389868, 0.99389868, 0.99389868, 0.99389868, 0.99389868, 0.99389868, 0.99389868, 0.99389868, 0.99389868, 0.99389868, 0.99389868, 0.99389868, 0.99389868, 0.99389868, 0.99389868, 0.99389868, 0.99389868, 0.99389868, 0.99389868, 0.99389868, 0.99389868, 0.99389868, 0.99389868, 0.99389868, 0.99389868, 0.99389868, 0.99389868, 0.99389868, 0.99389868, 0.99389868, 0.99389868, 0.99389868, 0.99389868, 0.99389868, 0.99389868, 0.99389868, 0.99389868, 0.99389868, 0.99389868, 0.99389868, 0.99389868, 0.99389868, 0.99389868, 0.99389868, 0.99389868, 0.99389868, 0.99389868, 0.99389868, 0.99389868, 0.99389868, 0.99389868, 0.99389868, 0.99389868, 0.99389868, 0.99389868, 0.99389868, 0.99389868, 0.99389868, 0.99389868, 0.99389868, 0.99389868, 0.99389868, 0.99389868, 0.99389868, 0.99389868, 0.99389868, 0.99389868, 0.99389868, 0.99389868, 0.99389868, 0.99389868, 0.99389868, 0.99389868, 0.99389868, 0.99389868, 0.99389868, 0.99389868, 0.99389868, 0.99389868, 0.99389868, 0.99389868, 0.99389868, 0.99389868, 0.99389868, 0.99389868, 0.99389868, 0.99389868, 0.99389868, 0.99389868, 
0.99042655, 0.99042655, 0.99042655, 0.99042655, 0.99042655, 0.99042655, 0.99042655, 0.99042655, 0.99042655, 0.99042655, 0.99042655, 0.99042655, 0.99042655, 0.99042655, 0.99042655, 0.99042655, 0.99042655, 0.99042655, 0.99042655, 0.99042655, 0.99042655, 0.99042655, 0.99042655, 0.99042655, 0.99042655, 0.99042655, 0.99042655, 0.99042655, 0.99042655, 0.99042655, 0.99042655, 0.99042655, 0.99042655, 0.99042655, 0.99042655, 0.99042655, 0.99042655, 0.99042655, 0.99042655, 0.99042655, 0.99042655, 0.99042655, 0.99042655, 0.99042655, 0.99042655, 0.99042655, 0.99042655, 0.99042655, 0.99042655, 0.99042655, 0.99042655, 0.99042655, 0.99042655, 0.99042655, 0.99042655, 0.99042655, 0.99042655, 0.99042655, 0.99042655, 0.99042655, 0.99042655, 0.99042655, 0.99042655, 0.99042655, 0.99042655, 0.99042655, 0.99042655, 0.99042655, 0.99042655, 0.99042655, 0.99042655, 0.99042655, 0.99042655, 0.99042655, 0.99042655, 0.99042655, 0.99042655, 0.99042655, 0.99042655, 0.99042655, 0.99042655, 0.99042655, 0.99042655, 0.99042655, 0.99042655, 0.99042655, 0.99042655, 0.99042655, 0.99042655, 0.99042655, 0.99042655, 0.99042655, 0.99042655, 0.99042655, 0.99042655, 0.99042655, 0.99042655, 0.99042655, 0.99042655, 0.99042655, 
0.98553948, 0.98553948, 0.98553948, 0.98553948, 0.98553948, 0.98553948, 0.98553948, 0.98553948, 0.98553948, 0.98553948, 0.98553948, 0.98553948, 0.98553948, 0.98553948, 0.98553948, 0.98553948, 0.98553948, 0.98553948, 0.98553948, 0.98553948, 0.98553948, 0.98553948, 0.98553948, 0.98553948, 0.98553948, 0.98553948, 0.98553948, 0.98553948, 0.98553948, 0.98553948, 0.98553948, 0.98553948, 0.98553948, 0.98553948, 0.98553948, 0.98553948, 0.98553948, 0.98553948, 0.98553948, 0.98553948, 0.98553948, 0.98553948, 0.98553948, 0.98553948, 0.98553948, 0.98553948, 0.98553948, 0.98553948, 0.98553948, 0.98553948, 0.98553948, 0.98553948, 0.98553948, 0.98553948, 0.98553948, 0.98553948, 0.98553948, 0.98553948, 0.98553948, 0.98553948, 0.98553948, 0.98553948, 0.98553948, 0.98553948, 0.98553948, 0.98553948, 0.98553948, 0.98553948, 0.98553948, 0.98553948, 0.98553948, 0.98553948, 0.98553948, 0.98553948, 0.98553948, 0.98553948, 0.98553948, 0.98553948, 0.98553948, 0.98553948, 0.98553948, 0.98553948, 0.98553948, 0.98553948, 0.98553948, 0.98553948, 0.98553948, 0.98553948, 0.98553948, 0.98553948, 0.98553948, 0.98553948, 0.98553948, 0.98553948, 0.98553948, 0.98553948, 0.98553948, 0.98553948, 0.98553948, 0.98553948, 
0.97895467, 0.97895467, 0.97895467, 0.97895467, 0.97895467, 0.97895467, 0.97895467, 0.97895467, 0.97895467, 0.97895467, 0.97895467, 0.97895467, 0.97895467, 0.97895467, 0.97895467, 0.97895467, 0.97895467, 0.97895467, 0.97895467, 0.97895467, 0.97895467, 0.97895467, 0.97895467, 0.97895467, 0.97895467, 0.97895467, 0.97895467, 0.97895467, 0.97895467, 0.97895467, 0.97895467, 0.97895467, 0.97895467, 0.97895467, 0.97895467, 0.97895467, 0.97895467, 0.97895467, 0.97895467, 0.97895467, 0.97895467, 0.97895467, 0.97895467, 0.97895467, 0.97895467, 0.97895467, 0.97895467, 0.97895467, 0.97895467, 0.97895467, 0.97895467, 0.97895467, 0.97895467, 0.97895467, 0.97895467, 0.97895467, 0.97895467, 0.97895467, 0.97895467, 0.97895467, 0.97895467, 0.97895467, 0.97895467, 0.97895467, 0.97895467, 0.97895467, 0.97895467, 0.97895467, 0.97895467, 0.97895467, 0.97895467, 0.97895467, 0.97895467, 0.97895467, 0.97895467, 0.97895467, 0.97895467, 0.97895467, 0.97895467, 0.97895467, 0.97895467, 0.97895467, 0.97895467, 0.97895467, 0.97895467, 0.97895467, 0.97895467, 0.97895467, 0.97895467, 0.97895467, 0.97895467, 0.97895467, 0.97895467, 0.97895467, 0.97895467, 0.97895467, 0.97895467, 0.97895467, 0.97895467, 0.97895467, 
0.97044688, 0.97044688, 0.97044688, 0.97044688, 0.97044688, 0.97044688, 0.97044688, 0.97044688, 0.97044688, 0.97044688, 0.97044688, 0.97044688, 0.97044688, 0.97044688, 0.97044688, 0.97044688, 0.97044688, 0.97044688, 0.97044688, 0.97044688, 0.97044688, 0.97044688, 0.97044688, 0.97044688, 0.97044688, 0.97044688, 0.97044688, 0.97044688, 0.97044688, 0.97044688, 0.97044688, 0.97044688, 0.97044688, 0.97044688, 0.97044688, 0.97044688, 0.97044688, 0.97044688, 0.97044688, 0.97044688, 0.97044688, 0.97044688, 0.97044688, 0.97044688, 0.97044688, 0.97044688, 0.97044688, 0.97044688, 0.97044688, 0.97044688, 0.97044688, 0.97044688, 0.97044688, 0.97044688, 0.97044688, 0.97044688, 0.97044688, 0.97044688, 0.97044688, 0.97044688, 0.97044688, 0.97044688, 0.97044688, 0.97044688, 0.97044688, 0.97044688, 0.97044688, 0.97044688, 0.97044688, 0.97044688, 0.97044688, 0.97044688, 0.97044688, 0.97044688, 0.97044688, 0.97044688, 0.97044688, 0.97044688, 0.97044688, 0.97044688, 0.97044688, 0.97044688, 0.97044688, 0.97044688, 0.97044688, 0.97044688, 0.97044688, 0.97044688, 0.97044688, 0.97044688, 0.97044688, 0.97044688, 0.97044688, 0.97044688, 0.97044688, 0.97044688, 0.97044688, 0.97044688, 0.97044688, 0.97044688, 
0.95987992, 0.95987992, 0.95987992, 0.95987992, 0.95987992, 0.95987992, 0.95987992, 0.95987992, 0.95987992, 0.95987992, 0.95987992, 0.95987992, 0.95987992, 0.95987992, 0.95987992, 0.95987992, 0.95987992, 0.95987992, 0.95987992, 0.95987992, 0.95987992, 0.95987992, 0.95987992, 0.95987992, 0.95987992, 0.95987992, 0.95987992, 0.95987992, 0.95987992, 0.95987992, 0.95987992, 0.95987992, 0.95987992, 0.95987992, 0.95987992, 0.95987992, 0.95987992, 0.95987992, 0.95987992, 0.95987992, 0.95987992, 0.95987992, 0.95987992, 0.95987992, 0.95987992, 0.95987992, 0.95987992, 0.95987992, 0.95987992, 0.95987992, 0.95987992, 0.95987992, 0.95987992, 0.95987992, 0.95987992, 0.95987992, 0.95987992, 0.95987992, 0.95987992, 0.95987992, 0.95987992, 0.95987992, 0.95987992, 0.95987992, 0.95987992, 0.95987992, 0.95987992, 0.95987992, 0.95987992, 0.95987992, 0.95987992, 0.95987992, 0.95987992, 0.95987992, 0.95987992, 0.95987992, 0.95987992, 0.95987992, 0.95987992, 0.95987992, 0.95987992, 0.95987992, 0.95987992, 0.95987992, 0.95987992, 0.95987992, 0.95987992, 0.95987992, 0.95987992, 0.95987992, 0.95987992, 0.95987992, 0.95987992, 0.95987992, 0.95987992, 0.95987992, 0.95987992, 0.95987992, 0.95987992, 0.95987992, 
0.94722307, 0.94722307, 0.94722307, 0.94722307, 0.94722307, 0.94722307, 0.94722307, 0.94722307, 0.94722307, 0.94722307, 0.94722307, 0.94722307, 0.94722307, 0.94722307, 0.94722307, 0.94722307, 0.94722307, 0.94722307, 0.94722307, 0.94722307, 0.94722307, 0.94722307, 0.94722307, 0.94722307, 0.94722307, 0.94722307, 0.94722307, 0.94722307, 0.94722307, 0.94722307, 0.94722307, 0.94722307, 0.94722307, 0.94722307, 0.94722307, 0.94722307, 0.94722307, 0.94722307, 0.94722307, 0.94722307, 0.94722307, 0.94722307, 0.94722307, 0.94722307, 0.94722307, 0.94722307, 0.94722307, 0.94722307, 0.94722307, 0.94722307, 0.94722307, 0.94722307, 0.94722307, 0.94722307, 0.94722307, 0.94722307, 0.94722307, 0.94722307, 0.94722307, 0.94722307, 0.94722307, 0.94722307, 0.94722307, 0.94722307, 0.94722307, 0.94722307, 0.94722307, 0.94722307, 0.94722307, 0.94722307, 0.94722307, 0.94722307, 0.94722307, 0.94722307, 0.94722307, 0.94722307, 0.94722307, 0.94722307, 0.94722307, 0.94722307, 0.94722307, 0.94722307, 0.94722307, 0.94722307, 0.94722307, 0.94722307, 0.94722307, 0.94722307, 0.94722307, 0.94722307, 0.94722307, 0.94722307, 0.94722307, 0.94722307, 0.94722307, 0.94722307, 0.94722307, 0.94722307, 0.94722307, 0.94722307, 
0.93254937, 0.93254937, 0.93254937, 0.93254937, 0.93254937, 0.93254937, 0.93254937, 0.93254937, 0.93254937, 0.93254937, 0.93254937, 0.93254937, 0.93254937, 0.93254937, 0.93254937, 0.93254937, 0.93254937, 0.93254937, 0.93254937, 0.93254937, 0.93254937, 0.93254937, 0.93254937, 0.93254937, 0.93254937, 0.93254937, 0.93254937, 0.93254937, 0.93254937, 0.93254937, 0.93254937, 0.93254937, 0.93254937, 0.93254937, 0.93254937, 0.93254937, 0.93254937, 0.93254937, 0.93254937, 0.93254937, 0.93254937, 0.93254937, 0.93254937, 0.93254937, 0.93254937, 0.93254937, 0.93254937, 0.93254937, 0.93254937, 0.93254937, 0.93254937, 0.93254937, 0.93254937, 0.93254937, 0.93254937, 0.93254937, 0.93254937, 0.93254937, 0.93254937, 0.93254937, 0.93254937, 0.93254937, 0.93254937, 0.93254937, 0.93254937, 0.93254937, 0.93254937, 0.93254937, 0.93254937, 0.93254937, 0.93254937, 0.93254937, 0.93254937, 0.93254937, 0.93254937, 0.93254937, 0.93254937, 0.93254937, 0.93254937, 0.93254937, 0.93254937, 0.93254937, 0.93254937, 0.93254937, 0.93254937, 0.93254937, 0.93254937, 0.93254937, 0.93254937, 0.93254937, 0.93254937, 0.93254937, 0.93254937, 0.93254937, 0.93254937, 0.93254937, 0.93254937, 0.93254937, 0.93254937, 0.93254937, 
0.91601823, 0.91601823, 0.91601823, 0.91601823, 0.91601823, 0.91601823, 0.91601823, 0.91601823, 0.91601823, 0.91601823, 0.91601823, 0.91601823, 0.91601823, 0.91601823, 0.91601823, 0.91601823, 0.91601823, 0.91601823, 0.91601823, 0.91601823, 0.91601823, 0.91601823, 0.91601823, 0.91601823, 0.91601823, 0.91601823, 0.91601823, 0.91601823, 0.91601823, 0.91601823, 0.91601823, 0.91601823, 0.91601823, 0.91601823, 0.91601823, 0.91601823, 0.91601823, 0.91601823, 0.91601823, 0.91601823, 0.91601823, 0.91601823, 0.91601823, 0.91601823, 0.91601823, 0.91601823, 0.91601823, 0.91601823, 0.91601823, 0.91601823, 0.91601823, 0.91601823, 0.91601823, 0.91601823, 0.91601823, 0.91601823, 0.91601823, 0.91601823, 0.91601823, 0.91601823, 0.91601823, 0.91601823, 0.91601823, 0.91601823, 0.91601823, 0.91601823, 0.91601823, 0.91601823, 0.91601823, 0.91601823, 0.91601823, 0.91601823, 0.91601823, 0.91601823, 0.91601823, 0.91601823, 0.91601823, 0.91601823, 0.91601823, 0.91601823, 0.91601823, 0.91601823, 0.91601823, 0.91601823, 0.91601823, 0.91601823, 0.91601823, 0.91601823, 0.91601823, 0.91601823, 0.91601823, 0.91601823, 0.91601823, 0.91601823, 0.91601823, 0.91601823, 0.91601823, 0.91601823, 0.91601823, 0.91601823, 
0.89784907, 0.89784907, 0.89784907, 0.89784907, 0.89784907, 0.89784907, 0.89784907, 0.89784907, 0.89784907, 0.89784907, 0.89784907, 0.89784907, 0.89784907, 0.89784907, 0.89784907, 0.89784907, 0.89784907, 0.89784907, 0.89784907, 0.89784907, 0.89784907, 0.89784907, 0.89784907, 0.89784907, 0.89784907, 0.89784907, 0.89784907, 0.89784907, 0.89784907, 0.89784907, 0.89784907, 0.89784907, 0.89784907, 0.89784907, 0.89784907, 0.89784907, 0.89784907, 0.89784907, 0.89784907, 0.89784907, 0.89784907, 0.89784907, 0.89784907, 0.89784907, 0.89784907, 0.89784907, 0.89784907, 0.89784907, 0.89784907, 0.89784907, 0.89784907, 0.89784907, 0.89784907, 0.89784907, 0.89784907, 0.89784907, 0.89784907, 0.89784907, 0.89784907, 0.89784907, 0.89784907, 0.89784907, 0.89784907, 0.89784907, 0.89784907, 0.89784907, 0.89784907, 0.89784907, 0.89784907, 0.89784907, 0.89784907, 0.89784907, 0.89784907, 0.89784907, 0.89784907, 0.89784907, 0.89784907, 0.89784907, 0.89784907, 0.89784907, 0.89784907, 0.89784907, 0.89784907, 0.89784907, 0.89784907, 0.89784907, 0.89784907, 0.89784907, 0.89784907, 0.89784907, 0.89784907, 0.89784907, 0.89784907, 0.89784907, 0.89784907, 0.89784907, 0.89784907, 0.89784907, 0.89784907, 0.89784907, 
0.87829337, 0.87829337, 0.87829337, 0.87829337, 0.87829337, 0.87829337, 0.87829337, 0.87829337, 0.87829337, 0.87829337, 0.87829337, 0.87829337, 0.87829337, 0.87829337, 0.87829337, 0.87829337, 0.87829337, 0.87829337, 0.87829337, 0.87829337, 0.87829337, 0.87829337, 0.87829337, 0.87829337, 0.87829337, 0.87829337, 0.87829337, 0.87829337, 0.87829337, 0.87829337, 0.87829337, 0.87829337, 0.87829337, 0.87829337, 0.87829337, 0.87829337, 0.87829337, 0.87829337, 0.87829337, 0.87829337, 0.87829337, 0.87829337, 0.87829337, 0.87829337, 0.87829337, 0.87829337, 0.87829337, 0.87829337, 0.87829337, 0.87829337, 0.87829337, 0.87829337, 0.87829337, 0.87829337, 0.87829337, 0.87829337, 0.87829337, 0.87829337, 0.87829337, 0.87829337, 0.87829337, 0.87829337, 0.87829337, 0.87829337, 0.87829337, 0.87829337, 0.87829337, 0.87829337, 0.87829337, 0.87829337, 0.87829337, 0.87829337, 0.87829337, 0.87829337, 0.87829337, 0.87829337, 0.87829337, 0.87829337, 0.87829337, 0.87829337, 0.87829337, 0.87829337, 0.87829337, 0.87829337, 0.87829337, 0.87829337, 0.87829337, 0.87829337, 0.87829337, 0.87829337, 0.87829337, 0.87829337, 0.87829337, 0.87829337, 0.87829337, 0.87829337, 0.87829337, 0.87829337, 0.87829337, 0.87829337, 
0.85761048, 0.85761048, 0.85761048, 0.85761048, 0.85761048, 0.85761048, 0.85761048, 0.85761048, 0.85761048, 0.85761048, 0.85761048, 0.85761048, 0.85761048, 0.85761048, 0.85761048, 0.85761048, 0.85761048, 0.85761048, 0.85761048, 0.85761048, 0.85761048, 0.85761048, 0.85761048, 0.85761048, 0.85761048, 0.85761048, 0.85761048, 0.85761048, 0.85761048, 0.85761048, 0.85761048, 0.85761048, 0.85761048, 0.85761048, 0.85761048, 0.85761048, 0.85761048, 0.85761048, 0.85761048, 0.85761048, 0.85761048, 0.85761048, 0.85761048, 0.85761048, 0.85761048, 0.85761048, 0.85761048, 0.85761048, 0.85761048, 0.85761048, 0.85761048, 0.85761048, 0.85761048, 0.85761048, 0.85761048, 0.85761048, 0.85761048, 0.85761048, 0.85761048, 0.85761048, 0.85761048, 0.85761048, 0.85761048, 0.85761048, 0.85761048, 0.85761048, 0.85761048, 0.85761048, 0.85761048, 0.85761048, 0.85761048, 0.85761048, 0.85761048, 0.85761048, 0.85761048, 0.85761048, 0.85761048, 0.85761048, 0.85761048, 0.85761048, 0.85761048, 0.85761048, 0.85761048, 0.85761048, 0.85761048, 0.85761048, 0.85761048, 0.85761048, 0.85761048, 0.85761048, 0.85761048, 0.85761048, 0.85761048, 0.85761048, 0.85761048, 0.85761048, 0.85761048, 0.85761048, 0.85761048, 0.85761048, 
0.83604999, 0.83604999, 0.83604999, 0.83604999, 0.83604999, 0.83604999, 0.83604999, 0.83604999, 0.83604999, 0.83604999, 0.83604999, 0.83604999, 0.83604999, 0.83604999, 0.83604999, 0.83604999, 0.83604999, 0.83604999, 0.83604999, 0.83604999, 0.83604999, 0.83604999, 0.83604999, 0.83604999, 0.83604999, 0.83604999, 0.83604999, 0.83604999, 0.83604999, 0.83604999, 0.83604999, 0.83604999, 0.83604999, 0.83604999, 0.83604999, 0.83604999, 0.83604999, 0.83604999, 0.83604999, 0.83604999, 0.83604999, 0.83604999, 0.83604999, 0.83604999, 0.83604999, 0.83604999, 0.83604999, 0.83604999, 0.83604999, 0.83604999, 0.83604999, 0.83604999, 0.83604999, 0.83604999, 0.83604999, 0.83604999, 0.83604999, 0.83604999, 0.83604999, 0.83604999, 0.83604999, 0.83604999, 0.83604999, 0.83604999, 0.83604999, 0.83604999, 0.83604999, 0.83604999, 0.83604999, 0.83604999, 0.83604999, 0.83604999, 0.83604999, 0.83604999, 0.83604999, 0.83604999, 0.83604999, 0.83604999, 0.83604999, 0.83604999, 0.83604999, 0.83604999, 0.83604999, 0.83604999, 0.83604999, 0.83604999, 0.83604999, 0.83604999, 0.83604999, 0.83604999, 0.83604999, 0.83604999, 0.83604999, 0.83604999, 0.83604999, 0.83604999, 0.83604999, 0.83604999, 0.83604999, 0.83604999, 
0.81384084, 0.81384084, 0.81384084, 0.81384084, 0.81384084, 0.81384084, 0.81384084, 0.81384084, 0.81384084, 0.81384084, 0.81384084, 0.81384084, 0.81384084, 0.81384084, 0.81384084, 0.81384084, 0.81384084, 0.81384084, 0.81384084, 0.81384084, 0.81384084, 0.81384084, 0.81384084, 0.81384084, 0.81384084, 0.81384084, 0.81384084, 0.81384084, 0.81384084, 0.81384084, 0.81384084, 0.81384084, 0.81384084, 0.81384084, 0.81384084, 0.81384084, 0.81384084, 0.81384084, 0.81384084, 0.81384084, 0.81384084, 0.81384084, 0.81384084, 0.81384084, 0.81384084, 0.81384084, 0.81384084, 0.81384084, 0.81384084, 0.81384084, 0.81384084, 0.81384084, 0.81384084, 0.81384084, 0.81384084, 0.81384084, 0.81384084, 0.81384084, 0.81384084, 0.81384084, 0.81384084, 0.81384084, 0.81384084, 0.81384084, 0.81384084, 0.81384084, 0.81384084, 0.81384084, 0.81384084, 0.81384084, 0.81384084, 0.81384084, 0.81384084, 0.81384084, 0.81384084, 0.81384084, 0.81384084, 0.81384084, 0.81384084, 0.81384084, 0.81384084, 0.81384084, 0.81384084, 0.81384084, 0.81384084, 0.81384084, 0.81384084, 0.81384084, 0.81384084, 0.81384084, 0.81384084, 0.81384084, 0.81384084, 0.81384084, 0.81384084, 0.81384084, 0.81384084, 0.81384084, 0.81384084, 0.81384084, 
0.79118604, 0.79118604, 0.79118604, 0.79118604, 0.79118604, 0.79118604, 0.79118604, 0.79118604, 0.79118604, 0.79118604, 0.79118604, 0.79118604, 0.79118604, 0.79118604, 0.79118604, 0.79118604, 0.79118604, 0.79118604, 0.79118604, 0.79118604, 0.79118604, 0.79118604, 0.79118604, 0.79118604, 0.79118604, 0.79118604, 0.79118604, 0.79118604, 0.79118604, 0.79118604, 0.79118604, 0.79118604, 0.79118604, 0.79118604, 0.79118604, 0.79118604, 0.79118604, 0.79118604, 0.79118604, 0.79118604, 0.79118604, 0.79118604, 0.79118604, 0.79118604, 0.79118604, 0.79118604, 0.79118604, 0.79118604, 0.79118604, 0.79118604, 0.79118604, 0.79118604, 0.79118604, 0.79118604, 0.79118604, 0.79118604, 0.79118604, 0.79118604, 0.79118604, 0.79118604, 0.79118604, 0.79118604, 0.79118604, 0.79118604, 0.79118604, 0.79118604, 0.79118604, 0.79118604, 0.79118604, 0.79118604, 0.79118604, 0.79118604, 0.79118604, 0.79118604, 0.79118604, 0.79118604, 0.79118604, 0.79118604, 0.79118604, 0.79118604, 0.79118604, 0.79118604, 0.79118604, 0.79118604, 0.79118604, 0.79118604, 0.79118604, 0.79118604, 0.79118604, 0.79118604, 0.79118604, 0.79118604, 0.79118604, 0.79118604, 0.79118604, 0.79118604, 0.79118604, 0.79118604, 0.79118604, 0.79118604, 
0.76826139, 0.76826139, 0.76826139, 0.76826139, 0.76826139, 0.76826139, 0.76826139, 0.76826139, 0.76826139, 0.76826139, 0.76826139, 0.76826139, 0.76826139, 0.76826139, 0.76826139, 0.76826139, 0.76826139, 0.76826139, 0.76826139, 0.76826139, 0.76826139, 0.76826139, 0.76826139, 0.76826139, 0.76826139, 0.76826139, 0.76826139, 0.76826139, 0.76826139, 0.76826139, 0.76826139, 0.76826139, 0.76826139, 0.76826139, 0.76826139, 0.76826139, 0.76826139, 0.76826139, 0.76826139, 0.76826139, 0.76826139, 0.76826139, 0.76826139, 0.76826139, 0.76826139, 0.76826139, 0.76826139, 0.76826139, 0.76826139, 0.76826139, 0.76826139, 0.76826139, 0.76826139, 0.76826139, 0.76826139, 0.76826139, 0.76826139, 0.76826139, 0.76826139, 0.76826139, 0.76826139, 0.76826139, 0.76826139, 0.76826139, 0.76826139, 0.76826139, 0.76826139, 0.76826139, 0.76826139, 0.76826139, 0.76826139, 0.76826139, 0.76826139, 0.76826139, 0.76826139, 0.76826139, 0.76826139, 0.76826139, 0.76826139, 0.76826139, 0.76826139, 0.76826139, 0.76826139, 0.76826139, 0.76826139, 0.76826139, 0.76826139, 0.76826139, 0.76826139, 0.76826139, 0.76826139, 0.76826139, 0.76826139, 0.76826139, 0.76826139, 0.76826139, 0.76826139, 0.76826139, 0.76826139, 0.76826139, 
0.74521673, 0.74521673, 0.74521673, 0.74521673, 0.74521673, 0.74521673, 0.74521673, 0.74521673, 0.74521673, 0.74521673, 0.74521673, 0.74521673, 0.74521673, 0.74521673, 0.74521673, 0.74521673, 0.74521673, 0.74521673, 0.74521673, 0.74521673, 0.74521673, 0.74521673, 0.74521673, 0.74521673, 0.74521673, 0.74521673, 0.74521673, 0.74521673, 0.74521673, 0.74521673, 0.74521673, 0.74521673, 0.74521673, 0.74521673, 0.74521673, 0.74521673, 0.74521673, 0.74521673, 0.74521673, 0.74521673, 0.74521673, 0.74521673, 0.74521673, 0.74521673, 0.74521673, 0.74521673, 0.74521673, 0.74521673, 0.74521673, 0.74521673, 0.74521673, 0.74521673, 0.74521673, 0.74521673, 0.74521673, 0.74521673, 0.74521673, 0.74521673, 0.74521673, 0.74521673, 0.74521673, 0.74521673, 0.74521673, 0.74521673, 0.74521673, 0.74521673, 0.74521673, 0.74521673, 0.74521673, 0.74521673, 0.74521673, 0.74521673, 0.74521673, 0.74521673, 0.74521673, 0.74521673, 0.74521673, 0.74521673, 0.74521673, 0.74521673, 0.74521673, 0.74521673, 0.74521673, 0.74521673, 0.74521673, 0.74521673, 0.74521673, 0.74521673, 0.74521673, 0.74521673, 0.74521673, 0.74521673, 0.74521673, 0.74521673, 0.74521673, 0.74521673, 0.74521673, 0.74521673, 0.74521673, 0.74521673, 
0.72217857, 0.72217857, 0.72217857, 0.72217857, 0.72217857, 0.72217857, 0.72217857, 0.72217857, 0.72217857, 0.72217857, 0.72217857, 0.72217857, 0.72217857, 0.72217857, 0.72217857, 0.72217857, 0.72217857, 0.72217857, 0.72217857, 0.72217857, 0.72217857, 0.72217857, 0.72217857, 0.72217857, 0.72217857, 0.72217857, 0.72217857, 0.72217857, 0.72217857, 0.72217857, 0.72217857, 0.72217857, 0.72217857, 0.72217857, 0.72217857, 0.72217857, 0.72217857, 0.72217857, 0.72217857, 0.72217857, 0.72217857, 0.72217857, 0.72217857, 0.72217857, 0.72217857, 0.72217857, 0.72217857, 0.72217857, 0.72217857, 0.72217857, 0.72217857, 0.72217857, 0.72217857, 0.72217857, 0.72217857, 0.72217857, 0.72217857, 0.72217857, 0.72217857, 0.72217857, 0.72217857, 0.72217857, 0.72217857, 0.72217857, 0.72217857, 0.72217857, 0.72217857, 0.72217857, 0.72217857, 0.72217857, 0.72217857, 0.72217857, 0.72217857, 0.72217857, 0.72217857, 0.72217857, 0.72217857, 0.72217857, 0.72217857, 0.72217857, 0.72217857, 0.72217857, 0.72217857, 0.72217857, 0.72217857, 0.72217857, 0.72217857, 0.72217857, 0.72217857, 0.72217857, 0.72217857, 0.72217857, 0.72217857, 0.72217857, 0.72217857, 0.72217857, 0.72217857, 0.72217857, 0.72217857, 0.72217857, 
0.69925336, 0.69925336, 0.69925336, 0.69925336, 0.69925336, 0.69925336, 0.69925336, 0.69925336, 0.69925336, 0.69925336, 0.69925336, 0.69925336, 0.69925336, 0.69925336, 0.69925336, 0.69925336, 0.69925336, 0.69925336, 0.69925336, 0.69925336, 0.69925336, 0.69925336, 0.69925336, 0.69925336, 0.69925336, 0.69925336, 0.69925336, 0.69925336, 0.69925336, 0.69925336, 0.69925336, 0.69925336, 0.69925336, 0.69925336, 0.69925336, 0.69925336, 0.69925336, 0.69925336, 0.69925336, 0.69925336, 0.69925336, 0.69925336, 0.69925336, 0.69925336, 0.69925336, 0.69925336, 0.69925336, 0.69925336, 0.69925336, 0.69925336, 0.69925336, 0.69925336, 0.69925336, 0.69925336, 0.69925336, 0.69925336, 0.69925336, 0.69925336, 0.69925336, 0.69925336, 0.69925336, 0.69925336, 0.69925336, 0.69925336, 0.69925336, 0.69925336, 0.69925336, 0.69925336, 0.69925336, 0.69925336, 0.69925336, 0.69925336, 0.69925336, 0.69925336, 0.69925336, 0.69925336, 0.69925336, 0.69925336, 0.69925336, 0.69925336, 0.69925336, 0.69925336, 0.69925336, 0.69925336, 0.69925336, 0.69925336, 0.69925336, 0.69925336, 0.69925336, 0.69925336, 0.69925336, 0.69925336, 0.69925336, 0.69925336, 0.69925336, 0.69925336, 0.69925336, 0.69925336, 0.69925336, 0.69925336, 
0.67653096, 0.67653096, 0.67653096, 0.67653096, 0.67653096, 0.67653096, 0.67653096, 0.67653096, 0.67653096, 0.67653096, 0.67653096, 0.67653096, 0.67653096, 0.67653096, 0.67653096, 0.67653096, 0.67653096, 0.67653096, 0.67653096, 0.67653096, 0.67653096, 0.67653096, 0.67653096, 0.67653096, 0.67653096, 0.67653096, 0.67653096, 0.67653096, 0.67653096, 0.67653096, 0.67653096, 0.67653096, 0.67653096, 0.67653096, 0.67653096, 0.67653096, 0.67653096, 0.67653096, 0.67653096, 0.67653096, 0.67653096, 0.67653096, 0.67653096, 0.67653096, 0.67653096, 0.67653096, 0.67653096, 0.67653096, 0.67653096, 0.67653096, 0.67653096, 0.67653096, 0.67653096, 0.67653096, 0.67653096, 0.67653096, 0.67653096, 0.67653096, 0.67653096, 0.67653096, 0.67653096, 0.67653096, 0.67653096, 0.67653096, 0.67653096, 0.67653096, 0.67653096, 0.67653096, 0.67653096, 0.67653096, 0.67653096, 0.67653096, 0.67653096, 0.67653096, 0.67653096, 0.67653096, 0.67653096, 0.67653096, 0.67653096, 0.67653096, 0.67653096, 0.67653096, 0.67653096, 0.67653096, 0.67653096, 0.67653096, 0.67653096, 0.67653096, 0.67653096, 0.67653096, 0.67653096, 0.67653096, 0.67653096, 0.67653096, 0.67653096, 0.67653096, 0.67653096, 0.67653096, 0.67653096, 0.67653096, 
0.65408819, 0.65408819, 0.65408819, 0.65408819, 0.65408819, 0.65408819, 0.65408819, 0.65408819, 0.65408819, 0.65408819, 0.65408819, 0.65408819, 0.65408819, 0.65408819, 0.65408819, 0.65408819, 0.65408819, 0.65408819, 0.65408819, 0.65408819, 0.65408819, 0.65408819, 0.65408819, 0.65408819, 0.65408819, 0.65408819, 0.65408819, 0.65408819, 0.65408819, 0.65408819, 0.65408819, 0.65408819, 0.65408819, 0.65408819, 0.65408819, 0.65408819, 0.65408819, 0.65408819, 0.65408819, 0.65408819, 0.65408819, 0.65408819, 0.65408819, 0.65408819, 0.65408819, 0.65408819, 0.65408819, 0.65408819, 0.65408819, 0.65408819, 0.65408819, 0.65408819, 0.65408819, 0.65408819, 0.65408819, 0.65408819, 0.65408819, 0.65408819, 0.65408819, 0.65408819, 0.65408819, 0.65408819, 0.65408819, 0.65408819, 0.65408819, 0.65408819, 0.65408819, 0.65408819, 0.65408819, 0.65408819, 0.65408819, 0.65408819, 0.65408819, 0.65408819, 0.65408819, 0.65408819, 0.65408819, 0.65408819, 0.65408819, 0.65408819, 0.65408819, 0.65408819, 0.65408819, 0.65408819, 0.65408819, 0.65408819, 0.65408819, 0.65408819, 0.65408819, 0.65408819, 0.65408819, 0.65408819, 0.65408819, 0.65408819, 0.65408819, 0.65408819, 0.65408819, 0.65408819, 0.65408819, 0.65408819, 
0.63199258, 0.63199258, 0.63199258, 0.63199258, 0.63199258, 0.63199258, 0.63199258, 0.63199258, 0.63199258, 0.63199258, 0.63199258, 0.63199258, 0.63199258, 0.63199258, 0.63199258, 0.63199258, 0.63199258, 0.63199258, 0.63199258, 0.63199258, 0.63199258, 0.63199258, 0.63199258, 0.63199258, 0.63199258, 0.63199258, 0.63199258, 0.63199258, 0.63199258, 0.63199258, 0.63199258, 0.63199258, 0.63199258, 0.63199258, 0.63199258, 0.63199258, 0.63199258, 0.63199258, 0.63199258, 0.63199258, 0.63199258, 0.63199258, 0.63199258, 0.63199258, 0.63199258, 0.63199258, 0.63199258, 0.63199258, 0.63199258, 0.63199258, 0.63199258, 0.63199258, 0.63199258, 0.63199258, 0.63199258, 0.63199258, 0.63199258, 0.63199258, 0.63199258, 0.63199258, 0.63199258, 0.63199258, 0.63199258, 0.63199258, 0.63199258, 0.63199258, 0.63199258, 0.63199258, 0.63199258, 0.63199258, 0.63199258, 0.63199258, 0.63199258, 0.63199258, 0.63199258, 0.63199258, 0.63199258, 0.63199258, 0.63199258, 0.63199258, 0.63199258, 0.63199258, 0.63199258, 0.63199258, 0.63199258, 0.63199258, 0.63199258, 0.63199258, 0.63199258, 0.63199258, 0.63199258, 0.63199258, 0.63199258, 0.63199258, 0.63199258, 0.63199258, 0.63199258, 0.63199258, 0.63199258, 0.63199258, 
0.61030652, 0.61030652, 0.61030652, 0.61030652, 0.61030652, 0.61030652, 0.61030652, 0.61030652, 0.61030652, 0.61030652, 0.61030652, 0.61030652, 0.61030652, 0.61030652, 0.61030652, 0.61030652, 0.61030652, 0.61030652, 0.61030652, 0.61030652, 0.61030652, 0.61030652, 0.61030652, 0.61030652, 0.61030652, 0.61030652, 0.61030652, 0.61030652, 0.61030652, 0.61030652, 0.61030652, 0.61030652, 0.61030652, 0.61030652, 0.61030652, 0.61030652, 0.61030652, 0.61030652, 0.61030652, 0.61030652, 0.61030652, 0.61030652, 0.61030652, 0.61030652, 0.61030652, 0.61030652, 0.61030652, 0.61030652, 0.61030652, 0.61030652, 0.61030652, 0.61030652, 0.61030652, 0.61030652, 0.61030652, 0.61030652, 0.61030652, 0.61030652, 0.61030652, 0.61030652, 0.61030652, 0.61030652, 0.61030652, 0.61030652, 0.61030652, 0.61030652, 0.61030652, 0.61030652, 0.61030652, 0.61030652, 0.61030652, 0.61030652, 0.61030652, 0.61030652, 0.61030652, 0.61030652, 0.61030652, 0.61030652, 0.61030652, 0.61030652, 0.61030652, 0.61030652, 0.61030652, 0.61030652, 0.61030652, 0.61030652, 0.61030652, 0.61030652, 0.61030652, 0.61030652, 0.61030652, 0.61030652, 0.61030652, 0.61030652, 0.61030652, 0.61030652, 0.61030652, 0.61030652, 0.61030652, 0.61030652, 
0.58909280, 0.58909280, 0.58909280, 0.58909280, 0.58909280, 0.58909280, 0.58909280, 0.58909280, 0.58909280, 0.58909280, 0.58909280, 0.58909280, 0.58909280, 0.58909280, 0.58909280, 0.58909280, 0.58909280, 0.58909280, 0.58909280, 0.58909280, 0.58909280, 0.58909280, 0.58909280, 0.58909280, 0.58909280, 0.58909280, 0.58909280, 0.58909280, 0.58909280, 0.58909280, 0.58909280, 0.58909280, 0.58909280, 0.58909280, 0.58909280, 0.58909280, 0.58909280, 0.58909280, 0.58909280, 0.58909280, 0.58909280, 0.58909280, 0.58909280, 0.58909280, 0.58909280, 0.58909280, 0.58909280, 0.58909280, 0.58909280, 0.58909280, 0.58909280, 0.58909280, 0.58909280, 0.58909280, 0.58909280, 0.58909280, 0.58909280, 0.58909280, 0.58909280, 0.58909280, 0.58909280, 0.58909280, 0.58909280, 0.58909280, 0.58909280, 0.58909280, 0.58909280, 0.58909280, 0.58909280, 0.58909280, 0.58909280, 0.58909280, 0.58909280, 0.58909280, 0.58909280, 0.58909280, 0.58909280, 0.58909280, 0.58909280, 0.58909280, 0.58909280, 0.58909280, 0.58909280, 0.58909280, 0.58909280, 0.58909280, 0.58909280, 0.58909280, 0.58909280, 0.58909280, 0.58909280, 0.58909280, 0.58909280, 0.58909280, 0.58909280, 0.58909280, 0.58909280, 0.58909280, 0.58909280, 0.58909280, 
0.56842292, 0.56842292, 0.56842292, 0.56842292, 0.56842292, 0.56842292, 0.56842292, 0.56842292, 0.56842292, 0.56842292, 0.56842292, 0.56842292, 0.56842292, 0.56842292, 0.56842292, 0.56842292, 0.56842292, 0.56842292, 0.56842292, 0.56842292, 0.56842292, 0.56842292, 0.56842292, 0.56842292, 0.56842292, 0.56842292, 0.56842292, 0.56842292, 0.56842292, 0.56842292, 0.56842292, 0.56842292, 0.56842292, 0.56842292, 0.56842292, 0.56842292, 0.56842292, 0.56842292, 0.56842292, 0.56842292, 0.56842292, 0.56842292, 0.56842292, 0.56842292, 0.56842292, 0.56842292, 0.56842292, 0.56842292, 0.56842292, 0.56842292, 0.56842292, 0.56842292, 0.56842292, 0.56842292, 0.56842292, 0.56842292, 0.56842292, 0.56842292, 0.56842292, 0.56842292, 0.56842292, 0.56842292, 0.56842292, 0.56842292, 0.56842292, 0.56842292, 0.56842292, 0.56842292, 0.56842292, 0.56842292, 0.56842292, 0.56842292, 0.56842292, 0.56842292, 0.56842292, 0.56842292, 0.56842292, 0.56842292, 0.56842292, 0.56842292, 0.56842292, 0.56842292, 0.56842292, 0.56842292, 0.56842292, 0.56842292, 0.56842292, 0.56842292, 0.56842292, 0.56842292, 0.56842292, 0.56842292, 0.56842292, 0.56842292, 0.56842292, 0.56842292, 0.56842292, 0.56842292, 0.56842292, 0.56842292, 
0.54839156, 0.54839156, 0.54839156, 0.54839156, 0.54839156, 0.54839156, 0.54839156, 0.54839156, 0.54839156, 0.54839156, 0.54839156, 0.54839156, 0.54839156, 0.54839156, 0.54839156, 0.54839156, 0.54839156, 0.54839156, 0.54839156, 0.54839156, 0.54839156, 0.54839156, 0.54839156, 0.54839156, 0.54839156, 0.54839156, 0.54839156, 0.54839156, 0.54839156, 0.54839156, 0.54839156, 0.54839156, 0.54839156, 0.54839156, 0.54839156, 0.54839156, 0.54839156, 0.54839156, 0.54839156, 0.54839156, 0.54839156, 0.54839156, 0.54839156, 0.54839156, 0.54839156, 0.54839156, 0.54839156, 0.54839156, 0.54839156, 0.54839156, 0.54839156, 0.54839156, 0.54839156, 0.54839156, 0.54839156, 0.54839156, 0.54839156, 0.54839156, 0.54839156, 0.54839156, 0.54839156, 0.54839156, 0.54839156, 0.54839156, 0.54839156, 0.54839156, 0.54839156, 0.54839156, 0.54839156, 0.54839156, 0.54839156, 0.54839156, 0.54839156, 0.54839156, 0.54839156, 0.54839156, 0.54839156, 0.54839156, 0.54839156, 0.54839156, 0.54839156, 0.54839156, 0.54839156, 0.54839156, 0.54839156, 0.54839156, 0.54839156, 0.54839156, 0.54839156, 0.54839156, 0.54839156, 0.54839156, 0.54839156, 0.54839156, 0.54839156, 0.54839156, 0.54839156, 0.54839156, 0.54839156, 0.54839156, 
0.52914406, 0.52914406, 0.52914406, 0.52914406, 0.52914406, 0.52914406, 0.52914406, 0.52914406, 0.52914406, 0.52914406, 0.52914406, 0.52914406, 0.52914406, 0.52914406, 0.52914406, 0.52914406, 0.52914406, 0.52914406, 0.52914406, 0.52914406, 0.52914406, 0.52914406, 0.52914406, 0.52914406, 0.52914406, 0.52914406, 0.52914406, 0.52914406, 0.52914406, 0.52914406, 0.52914406, 0.52914406, 0.52914406, 0.52914406, 0.52914406, 0.52914406, 0.52914406, 0.52914406, 0.52914406, 0.52914406, 0.52914406, 0.52914406, 0.52914406, 0.52914406, 0.52914406, 0.52914406, 0.52914406, 0.52914406, 0.52914406, 0.52914406, 0.52914406, 0.52914406, 0.52914406, 0.52914406, 0.52914406, 0.52914406, 0.52914406, 0.52914406, 0.52914406, 0.52914406, 0.52914406, 0.52914406, 0.52914406, 0.52914406, 0.52914406, 0.52914406, 0.52914406, 0.52914406, 0.52914406, 0.52914406, 0.52914406, 0.52914406, 0.52914406, 0.52914406, 0.52914406, 0.52914406, 0.52914406, 0.52914406, 0.52914406, 0.52914406, 0.52914406, 0.52914406, 0.52914406, 0.52914406, 0.52914406, 0.52914406, 0.52914406, 0.52914406, 0.52914406, 0.52914406, 0.52914406, 0.52914406, 0.52914406, 0.52914406, 0.52914406, 0.52914406, 0.52914406, 0.52914406, 0.52914406, 0.52914406, 
0.51093167, 0.51093167, 0.51093167, 0.51093167, 0.51093167, 0.51093167, 0.51093167, 0.51093167, 0.51093167, 0.51093167, 0.51093167, 0.51093167, 0.51093167, 0.51093167, 0.51093167, 0.51093167, 0.51093167, 0.51093167, 0.51093167, 0.51093167, 0.51093167, 0.51093167, 0.51093167, 0.51093167, 0.51093167, 0.51093167, 0.51093167, 0.51093167, 0.51093167, 0.51093167, 0.51093167, 0.51093167, 0.51093167, 0.51093167, 0.51093167, 0.51093167, 0.51093167, 0.51093167, 0.51093167, 0.51093167, 0.51093167, 0.51093167, 0.51093167, 0.51093167, 0.51093167, 0.51093167, 0.51093167, 0.51093167, 0.51093167, 0.51093167, 0.51093167, 0.51093167, 0.51093167, 0.51093167, 0.51093167, 0.51093167, 0.51093167, 0.51093167, 0.51093167, 0.51093167, 0.51093167, 0.51093167, 0.51093167, 0.51093167, 0.51093167, 0.51093167, 0.51093167, 0.51093167, 0.51093167, 0.51093167, 0.51093167, 0.51093167, 0.51093167, 0.51093167, 0.51093167, 0.51093167, 0.51093167, 0.51093167, 0.51093167, 0.51093167, 0.51093167, 0.51093167, 0.51093167, 0.51093167, 0.51093167, 0.51093167, 0.51093167, 0.51093167, 0.51093167, 0.51093167, 0.51093167, 0.51093167, 0.51093167, 0.51093167, 0.51093167, 0.51093167, 0.51093167, 0.51093167, 0.51093167, 0.51093167, 
0.49422196, 0.49422196, 0.49422196, 0.49422196, 0.49422196, 0.49422196, 0.49422196, 0.49422196, 0.49422196, 0.49422196, 0.49422196, 0.49422196, 0.49422196, 0.49422196, 0.49422196, 0.49422196, 0.49422196, 0.49422196, 0.49422196, 0.49422196, 0.49422196, 0.49422196, 0.49422196, 0.49422196, 0.49422196, 0.49422196, 0.49422196, 0.49422196, 0.49422196, 0.49422196, 0.49422196, 0.49422196, 0.49422196, 0.49422196, 0.49422196, 0.49422196, 0.49422196, 0.49422196, 0.49422196, 0.49422196, 0.49422196, 0.49422196, 0.49422196, 0.49422196, 0.49422196, 0.49422196, 0.49422196, 0.49422196, 0.49422196, 0.49422196, 0.49422196, 0.49422196, 0.49422196, 0.49422196, 0.49422196, 0.49422196, 0.49422196, 0.49422196, 0.49422196, 0.49422196, 0.49422196, 0.49422196, 0.49422196, 0.49422196, 0.49422196, 0.49422196, 0.49422196, 0.49422196, 0.49422196, 0.49422196, 0.49422196, 0.49422196, 0.49422196, 0.49422196, 0.49422196, 0.49422196, 0.49422196, 0.49422196, 0.49422196, 0.49422196, 0.49422196, 0.49422196, 0.49422196, 0.49422196, 0.49422196, 0.49422196, 0.49422196, 0.49422196, 0.49422196, 0.49422196, 0.49422196, 0.49422196, 0.49422196, 0.49422196, 0.49422196, 0.49422196, 0.49422196, 0.49422196, 0.49422196, 0.49422196, 
0.47988982, 0.47988982, 0.47988982, 0.47988982, 0.47988982, 0.47988982, 0.47988982, 0.47988982, 0.47988982, 0.47988982, 0.47988982, 0.47988982, 0.47988982, 0.47988982, 0.47988982, 0.47988982, 0.47988982, 0.47988982, 0.47988982, 0.47988982, 0.47988982, 0.47988982, 0.47988982, 0.47988982, 0.47988982, 0.47988982, 0.47988982, 0.47988982, 0.47988982, 0.47988982, 0.47988982, 0.47988982, 0.47988982, 0.47988982, 0.47988982, 0.47988982, 0.47988982, 0.47988982, 0.47988982, 0.47988982, 0.47988982, 0.47988982, 0.47988982, 0.47988982, 0.47988982, 0.47988982, 0.47988982, 0.47988982, 0.47988982, 0.47988982, 0.47988982, 0.47988982, 0.47988982, 0.47988982, 0.47988982, 0.47988982, 0.47988982, 0.47988982, 0.47988982, 0.47988982, 0.47988982, 0.47988982, 0.47988982, 0.47988982, 0.47988982, 0.47988982, 0.47988982, 0.47988982, 0.47988982, 0.47988982, 0.47988982, 0.47988982, 0.47988982, 0.47988982, 0.47988982, 0.47988982, 0.47988982, 0.47988982, 0.47988982, 0.47988982, 0.47988982, 0.47988982, 0.47988982, 0.47988982, 0.47988982, 0.47988982, 0.47988982, 0.47988982, 0.47988982, 0.47988982, 0.47988982, 0.47988982, 0.47988982, 0.47988982, 0.47988982, 0.47988982, 0.47988982, 0.47988982, 0.47988982, 0.47988982, 
0.46935462, 0.46935462, 0.46935462, 0.46935462, 0.46935462, 0.46935462, 0.46935462, 0.46935462, 0.46935462, 0.46935462, 0.46935462, 0.46935462, 0.46935462, 0.46935462, 0.46935462, 0.46935462, 0.46935462, 0.46935462, 0.46935462, 0.46935462, 0.46935462, 0.46935462, 0.46935462, 0.46935462, 0.46935462, 0.46935462, 0.46935462, 0.46935462, 0.46935462, 0.46935462, 0.46935462, 0.46935462, 0.46935462, 0.46935462, 0.46935462, 0.46935462, 0.46935462, 0.46935462, 0.46935462, 0.46935462, 0.46935462, 0.46935462, 0.46935462, 0.46935462, 0.46935462, 0.46935462, 0.46935462, 0.46935462, 0.46935462, 0.46935462, 0.46935462, 0.46935462, 0.46935462, 0.46935462, 0.46935462, 0.46935462, 0.46935462, 0.46935462, 0.46935462, 0.46935462, 0.46935462, 0.46935462, 0.46935462, 0.46935462, 0.46935462, 0.46935462, 0.46935462, 0.46935462, 0.46935462, 0.46935462, 0.46935462, 0.46935462, 0.46935462, 0.46935462, 0.46935462, 0.46935462, 0.46935462, 0.46935462, 0.46935462, 0.46935462, 0.46935462, 0.46935462, 0.46935462, 0.46935462, 0.46935462, 0.46935462, 0.46935462, 0.46935462, 0.46935462, 0.46935462, 0.46935462, 0.46935462, 0.46935462, 0.46935462, 0.46935462, 0.46935462, 0.46935462, 0.46935462, 0.46935462, 0.46935462, 
0.46372681, 0.46372681, 0.46372681, 0.46372681, 0.46372681, 0.46372681, 0.46372681, 0.46372681, 0.46372681, 0.46372681, 0.46372681, 0.46372681, 0.46372681, 0.46372681, 0.46372681, 0.46372681, 0.46372681, 0.46372681, 0.46372681, 0.46372681, 0.46372681, 0.46372681, 0.46372681, 0.46372681, 0.46372681, 0.46372681, 0.46372681, 0.46372681, 0.46372681, 0.46372681, 0.46372681, 0.46372681, 0.46372681, 0.46372681, 0.46372681, 0.46372681, 0.46372681, 0.46372681, 0.46372681, 0.46372681, 0.46372681, 0.46372681, 0.46372681, 0.46372681, 0.46372681, 0.46372681, 0.46372681, 0.46372681, 0.46372681, 0.46372681, 0.46372681, 0.46372681, 0.46372681, 0.46372681, 0.46372681, 0.46372681, 0.46372681, 0.46372681, 0.46372681, 0.46372681, 0.46372681, 0.46372681, 0.46372681, 0.46372681, 0.46372681, 0.46372681, 0.46372681, 0.46372681, 0.46372681, 0.46372681, 0.46372681, 0.46372681, 0.46372681, 0.46372681, 0.46372681, 0.46372681, 0.46372681, 0.46372681, 0.46372681, 0.46372681, 0.46372681, 0.46372681, 0.46372681, 0.46372681, 0.46372681, 0.46372681, 0.46372681, 0.46372681, 0.46372681, 0.46372681, 0.46372681, 0.46372681, 0.46372681, 0.46372681, 0.46372681, 0.46372681, 0.46372681, 0.46372681, 0.46372681, 0.46372681, 
0.33339802, 0.33339802, 0.33339802, 0.33339802, 0.33339802, 0.33339802, 0.33339802, 0.33339802, 0.33339802, 0.33339802, 0.33339802, 0.33339802, 0.33339802, 0.33339802, 0.33339802, 0.33339802, 0.33339802, 0.33339802, 0.33339802, 0.33339802, 0.33339802, 0.33339802, 0.33339802, 0.33339802, 0.33339802, 0.33339802, 0.33339802, 0.33339802, 0.33339802, 0.33339802, 0.33339802, 0.33339802, 0.33339802, 0.33339802, 0.33339802, 0.33339802, 0.33339802, 0.33339802, 0.33339802, 0.33339802, 0.33339802, 0.33339802, 0.33339802, 0.33339802, 0.33339802, 0.33339802, 0.33339802, 0.33339802, 0.33339802, 0.33339802, 0.33339802, 0.33339802, 0.33339802, 0.33339802, 0.33339802, 0.33339802, 0.33339802, 0.33339802, 0.33339802, 0.33339802, 0.33339802, 0.33339802, 0.33339802, 0.33339802, 0.33339802, 0.33339802, 0.33339802, 0.33339802, 0.33339802, 0.33339802, 0.33339802, 0.33339802, 0.33339802, 0.33339802, 0.33339802, 0.33339802, 0.33339802, 0.33339802, 0.33339802, 0.33339802, 0.33339802, 0.33339802, 0.33339802, 0.33339802, 0.33339802, 0.33339802, 0.33339802, 0.33339802, 0.33339802, 0.33339802, 0.33339802, 0.33339802, 0.33339802, 0.33339802, 0.33339802, 0.33339802, 0.33339802, 0.33339802, 0.33339802, 0.33339802, 
0.33693669, 0.33693669, 0.33693669, 0.33693669, 0.33693669, 0.33693669, 0.33693669, 0.33693669, 0.33693669, 0.33693669, 0.33693669, 0.33693669, 0.33693669, 0.33693669, 0.33693669, 0.33693669, 0.33693669, 0.33693669, 0.33693669, 0.33693669, 0.33693669, 0.33693669, 0.33693669, 0.33693669, 0.33693669, 0.33693669, 0.33693669, 0.33693669, 0.33693669, 0.33693669, 0.33693669, 0.33693669, 0.33693669, 0.33693669, 0.33693669, 0.33693669, 0.33693669, 0.33693669, 0.33693669, 0.33693669, 0.33693669, 0.33693669, 0.33693669, 0.33693669, 0.33693669, 0.33693669, 0.33693669, 0.33693669, 0.33693669, 0.33693669, 0.33693669, 0.33693669, 0.33693669, 0.33693669, 0.33693669, 0.33693669, 0.33693669, 0.33693669, 0.33693669, 0.33693669, 0.33693669, 0.33693669, 0.33693669, 0.33693669, 0.33693669, 0.33693669, 0.33693669, 0.33693669, 0.33693669, 0.33693669, 0.33693669, 0.33693669, 0.33693669, 0.33693669, 0.33693669, 0.33693669, 0.33693669, 0.33693669, 0.33693669, 0.33693669, 0.33693669, 0.33693669, 0.33693669, 0.33693669, 0.33693669, 0.33693669, 0.33693669, 0.33693669, 0.33693669, 0.33693669, 0.33693669, 0.33693669, 0.33693669, 0.33693669, 0.33693669, 0.33693669, 0.33693669, 0.33693669, 0.33693669, 0.33693669, 
0.38225735, 0.38225735, 0.38225735, 0.38225735, 0.38225735, 0.38225735, 0.38225735, 0.38225735, 0.38225735, 0.38225735, 0.38225735, 0.38225735, 0.38225735, 0.38225735, 0.38225735, 0.38225735, 0.38225735, 0.38225735, 0.38225735, 0.38225735, 0.38225735, 0.38225735, 0.38225735, 0.38225735, 0.38225735, 0.38225735, 0.38225735, 0.38225735, 0.38225735, 0.38225735, 0.38225735, 0.38225735, 0.38225735, 0.38225735, 0.38225735, 0.38225735, 0.38225735, 0.38225735, 0.38225735, 0.38225735, 0.38225735, 0.38225735, 0.38225735, 0.38225735, 0.38225735, 0.38225735, 0.38225735, 0.38225735, 0.38225735, 0.38225735, 0.38225735, 0.38225735, 0.38225735, 0.38225735, 0.38225735, 0.38225735, 0.38225735, 0.38225735, 0.38225735, 0.38225735, 0.38225735, 0.38225735, 0.38225735, 0.38225735, 0.38225735, 0.38225735, 0.38225735, 0.38225735, 0.38225735, 0.38225735, 0.38225735, 0.38225735, 0.38225735, 0.38225735, 0.38225735, 0.38225735, 0.38225735, 0.38225735, 0.38225735, 0.38225735, 0.38225735, 0.38225735, 0.38225735, 0.38225735, 0.38225735, 0.38225735, 0.38225735, 0.38225735, 0.38225735, 0.38225735, 0.38225735, 0.38225735, 0.38225735, 0.38225735, 0.38225735, 0.38225735, 0.38225735, 0.38225735, 0.38225735, 0.38225735, 
0.42637486, 0.42637486, 0.42637486, 0.42637486, 0.42637486, 0.42637486, 0.42637486, 0.42637486, 0.42637486, 0.42637486, 0.42637486, 0.42637486, 0.42637486, 0.42637486, 0.42637486, 0.42637486, 0.42637486, 0.42637486, 0.42637486, 0.42637486, 0.42637486, 0.42637486, 0.42637486, 0.42637486, 0.42637486, 0.42637486, 0.42637486, 0.42637486, 0.42637486, 0.42637486, 0.42637486, 0.42637486, 0.42637486, 0.42637486, 0.42637486, 0.42637486, 0.42637486, 0.42637486, 0.42637486, 0.42637486, 0.42637486, 0.42637486, 0.42637486, 0.42637486, 0.42637486, 0.42637486, 0.42637486, 0.42637486, 0.42637486, 0.42637486, 0.42637486, 0.42637486, 0.42637486, 0.42637486, 0.42637486, 0.42637486, 0.42637486, 0.42637486, 0.42637486, 0.42637486, 0.42637486, 0.42637486, 0.42637486, 0.42637486, 0.42637486, 0.42637486, 0.42637486, 0.42637486, 0.42637486, 0.42637486, 0.42637486, 0.42637486, 0.42637486, 0.42637486, 0.42637486, 0.42637486, 0.42637486, 0.42637486, 0.42637486, 0.42637486, 0.42637486, 0.42637486, 0.42637486, 0.42637486, 0.42637486, 0.42637486, 0.42637486, 0.42637486, 0.42637486, 0.42637486, 0.42637486, 0.42637486, 0.42637486, 0.42637486, 0.42637486, 0.42637486, 0.42637486, 0.42637486, 0.42637486, 0.42637486, 
0.42501367, 0.42501367, 0.42501367, 0.42501367, 0.42501367, 0.42501367, 0.42501367, 0.42501367, 0.42501367, 0.42501367, 0.42501367, 0.42501367, 0.42501367, 0.42501367, 0.42501367, 0.42501367, 0.42501367, 0.42501367, 0.42501367, 0.42501367, 0.42501367, 0.42501367, 0.42501367, 0.42501367, 0.42501367, 0.42501367, 0.42501367, 0.42501367, 0.42501367, 0.42501367, 0.42501367, 0.42501367, 0.42501367, 0.42501367, 0.42501367, 0.42501367, 0.42501367, 0.42501367, 0.42501367, 0.42501367, 0.42501367, 0.42501367, 0.42501367, 0.42501367, 0.42501367, 0.42501367, 0.42501367, 0.42501367, 0.42501367, 0.42501367, 0.42501367, 0.42501367, 0.42501367, 0.42501367, 0.42501367, 0.42501367, 0.42501367, 0.42501367, 0.42501367, 0.42501367, 0.42501367, 0.42501367, 0.42501367, 0.42501367, 0.42501367, 0.42501367, 0.42501367, 0.42501367, 0.42501367, 0.42501367, 0.42501367, 0.42501367, 0.42501367, 0.42501367, 0.42501367, 0.42501367, 0.42501367, 0.42501367, 0.42501367, 0.42501367, 0.42501367, 0.42501367, 0.42501367, 0.42501367, 0.42501367, 0.42501367, 0.42501367, 0.42501367, 0.42501367, 0.42501367, 0.42501367, 0.42501367, 0.42501367, 0.42501367, 0.42501367, 0.42501367, 0.42501367, 0.42501367, 0.42501367, 0.42501367, 
0.42469018, 0.42469018, 0.42469018, 0.42469018, 0.42469018, 0.42469018, 0.42469018, 0.42469018, 0.42469018, 0.42469018, 0.42469018, 0.42469018, 0.42469018, 0.42469018, 0.42469018, 0.42469018, 0.42469018, 0.42469018, 0.42469018, 0.42469018, 0.42469018, 0.42469018, 0.42469018, 0.42469018, 0.42469018, 0.42469018, 0.42469018, 0.42469018, 0.42469018, 0.42469018, 0.42469018, 0.42469018, 0.42469018, 0.42469018, 0.42469018, 0.42469018, 0.42469018, 0.42469018, 0.42469018, 0.42469018, 0.42469018, 0.42469018, 0.42469018, 0.42469018, 0.42469018, 0.42469018, 0.42469018, 0.42469018, 0.42469018, 0.42469018, 0.42469018, 0.42469018, 0.42469018, 0.42469018, 0.42469018, 0.42469018, 0.42469018, 0.42469018, 0.42469018, 0.42469018, 0.42469018, 0.42469018, 0.42469018, 0.42469018, 0.42469018, 0.42469018, 0.42469018, 0.42469018, 0.42469018, 0.42469018, 0.42469018, 0.42469018, 0.42469018, 0.42469018, 0.42469018, 0.42469018, 0.42469018, 0.42469018, 0.42469018, 0.42469018, 0.42469018, 0.42469018, 0.42469018, 0.42469018, 0.42469018, 0.42469018, 0.42469018, 0.42469018, 0.42469018, 0.42469018, 0.42469018, 0.42469018, 0.42469018, 0.42469018, 0.42469018, 0.42469018, 0.42469018, 0.42469018, 0.42469018, 0.42469018, 
0.42445479, 0.42445479, 0.42445479, 0.42445479, 0.42445479, 0.42445479, 0.42445479, 0.42445479, 0.42445479, 0.42445479, 0.42445479, 0.42445479, 0.42445479, 0.42445479, 0.42445479, 0.42445479, 0.42445479, 0.42445479, 0.42445479, 0.42445479, 0.42445479, 0.42445479, 0.42445479, 0.42445479, 0.42445479, 0.42445479, 0.42445479, 0.42445479, 0.42445479, 0.42445479, 0.42445479, 0.42445479, 0.42445479, 0.42445479, 0.42445479, 0.42445479, 0.42445479, 0.42445479, 0.42445479, 0.42445479, 0.42445479, 0.42445479, 0.42445479, 0.42445479, 0.42445479, 0.42445479, 0.42445479, 0.42445479, 0.42445479, 0.42445479, 0.42445479, 0.42445479, 0.42445479, 0.42445479, 0.42445479, 0.42445479, 0.42445479, 0.42445479, 0.42445479, 0.42445479, 0.42445479, 0.42445479, 0.42445479, 0.42445479, 0.42445479, 0.42445479, 0.42445479, 0.42445479, 0.42445479, 0.42445479, 0.42445479, 0.42445479, 0.42445479, 0.42445479, 0.42445479, 0.42445479, 0.42445479, 0.42445479, 0.42445479, 0.42445479, 0.42445479, 0.42445479, 0.42445479, 0.42445479, 0.42445479, 0.42445479, 0.42445479, 0.42445479, 0.42445479, 0.42445479, 0.42445479, 0.42445479, 0.42445479, 0.42445479, 0.42445479, 0.42445479, 0.42445479, 0.42445479, 0.42445479, 0.42445479, 
0.42450291, 0.42450291, 0.42450291, 0.42450291, 0.42450291, 0.42450291, 0.42450291, 0.42450291, 0.42450291, 0.42450291, 0.42450291, 0.42450291, 0.42450291, 0.42450291, 0.42450291, 0.42450291, 0.42450291, 0.42450291, 0.42450291, 0.42450291, 0.42450291, 0.42450291, 0.42450291, 0.42450291, 0.42450291, 0.42450291, 0.42450291, 0.42450291, 0.42450291, 0.42450291, 0.42450291, 0.42450291, 0.42450291, 0.42450291, 0.42450291, 0.42450291, 0.42450291, 0.42450291, 0.42450291, 0.42450291, 0.42450291, 0.42450291, 0.42450291, 0.42450291, 0.42450291, 0.42450291, 0.42450291, 0.42450291, 0.42450291, 0.42450291, 0.42450291, 0.42450291, 0.42450291, 0.42450291, 0.42450291, 0.42450291, 0.42450291, 0.42450291, 0.42450291, 0.42450291, 0.42450291, 0.42450291, 0.42450291, 0.42450291, 0.42450291, 0.42450291, 0.42450291, 0.42450291, 0.42450291, 0.42450291, 0.42450291, 0.42450291, 0.42450291, 0.42450291, 0.42450291, 0.42450291, 0.42450291, 0.42450291, 0.42450291, 0.42450291, 0.42450291, 0.42450291, 0.42450291, 0.42450291, 0.42450291, 0.42450291, 0.42450291, 0.42450291, 0.42450291, 0.42450291, 0.42450291, 0.42450291, 0.42450291, 0.42450291, 0.42450291, 0.42450291, 0.42450291, 0.42450291, 0.42450291, 0.42450291, 
0.42502097, 0.42502097, 0.42502097, 0.42502097, 0.42502097, 0.42502097, 0.42502097, 0.42502097, 0.42502097, 0.42502097, 0.42502097, 0.42502097, 0.42502097, 0.42502097, 0.42502097, 0.42502097, 0.42502097, 0.42502097, 0.42502097, 0.42502097, 0.42502097, 0.42502097, 0.42502097, 0.42502097, 0.42502097, 0.42502097, 0.42502097, 0.42502097, 0.42502097, 0.42502097, 0.42502097, 0.42502097, 0.42502097, 0.42502097, 0.42502097, 0.42502097, 0.42502097, 0.42502097, 0.42502097, 0.42502097, 0.42502097, 0.42502097, 0.42502097, 0.42502097, 0.42502097, 0.42502097, 0.42502097, 0.42502097, 0.42502097, 0.42502097, 0.42502097, 0.42502097, 0.42502097, 0.42502097, 0.42502097, 0.42502097, 0.42502097, 0.42502097, 0.42502097, 0.42502097, 0.42502097, 0.42502097, 0.42502097, 0.42502097, 0.42502097, 0.42502097, 0.42502097, 0.42502097, 0.42502097, 0.42502097, 0.42502097, 0.42502097, 0.42502097, 0.42502097, 0.42502097, 0.42502097, 0.42502097, 0.42502097, 0.42502097, 0.42502097, 0.42502097, 0.42502097, 0.42502097, 0.42502097, 0.42502097, 0.42502097, 0.42502097, 0.42502097, 0.42502097, 0.42502097, 0.42502097, 0.42502097, 0.42502097, 0.42502097, 0.42502097, 0.42502097, 0.42502097, 0.42502097, 0.42502097, 0.42502097, 
0.42614690, 0.42614690, 0.42614690, 0.42614690, 0.42614690, 0.42614690, 0.42614690, 0.42614690, 0.42614690, 0.42614690, 0.42614690, 0.42614690, 0.42614690, 0.42614690, 0.42614690, 0.42614690, 0.42614690, 0.42614690, 0.42614690, 0.42614690, 0.42614690, 0.42614690, 0.42614690, 0.42614690, 0.42614690, 0.42614690, 0.42614690, 0.42614690, 0.42614690, 0.42614690, 0.42614690, 0.42614690, 0.42614690, 0.42614690, 0.42614690, 0.42614690, 0.42614690, 0.42614690, 0.42614690, 0.42614690, 0.42614690, 0.42614690, 0.42614690, 0.42614690, 0.42614690, 0.42614690, 0.42614690, 0.42614690, 0.42614690, 0.42614690, 0.42614690, 0.42614690, 0.42614690, 0.42614690, 0.42614690, 0.42614690, 0.42614690, 0.42614690, 0.42614690, 0.42614690, 0.42614690, 0.42614690, 0.42614690, 0.42614690, 0.42614690, 0.42614690, 0.42614690, 0.42614690, 0.42614690, 0.42614690, 0.42614690, 0.42614690, 0.42614690, 0.42614690, 0.42614690, 0.42614690, 0.42614690, 0.42614690, 0.42614690, 0.42614690, 0.42614690, 0.42614690, 0.42614690, 0.42614690, 0.42614690, 0.42614690, 0.42614690, 0.42614690, 0.42614690, 0.42614690, 0.42614690, 0.42614690, 0.42614690, 0.42614690, 0.42614690, 0.42614690, 0.42614690, 0.42614690, 0.42614690, 0.42614690, 
0.42782067, 0.42782067, 0.42782067, 0.42782067, 0.42782067, 0.42782067, 0.42782067, 0.42782067, 0.42782067, 0.42782067, 0.42782067, 0.42782067, 0.42782067, 0.42782067, 0.42782067, 0.42782067, 0.42782067, 0.42782067, 0.42782067, 0.42782067, 0.42782067, 0.42782067, 0.42782067, 0.42782067, 0.42782067, 0.42782067, 0.42782067, 0.42782067, 0.42782067, 0.42782067, 0.42782067, 0.42782067, 0.42782067, 0.42782067, 0.42782067, 0.42782067, 0.42782067, 0.42782067, 0.42782067, 0.42782067, 0.42782067, 0.42782067, 0.42782067, 0.42782067, 0.42782067, 0.42782067, 0.42782067, 0.42782067, 0.42782067, 0.42782067, 0.42782067, 0.42782067, 0.42782067, 0.42782067, 0.42782067, 0.42782067, 0.42782067, 0.42782067, 0.42782067, 0.42782067, 0.42782067, 0.42782067, 0.42782067, 0.42782067, 0.42782067, 0.42782067, 0.42782067, 0.42782067, 0.42782067, 0.42782067, 0.42782067, 0.42782067, 0.42782067, 0.42782067, 0.42782067, 0.42782067, 0.42782067, 0.42782067, 0.42782067, 0.42782067, 0.42782067, 0.42782067, 0.42782067, 0.42782067, 0.42782067, 0.42782067, 0.42782067, 0.42782067, 0.42782067, 0.42782067, 0.42782067, 0.42782067, 0.42782067, 0.42782067, 0.42782067, 0.42782067, 0.42782067, 0.42782067, 0.42782067, 0.42782067, 
0.42963725, 0.42963725, 0.42963725, 0.42963725, 0.42963725, 0.42963725, 0.42963725, 0.42963725, 0.42963725, 0.42963725, 0.42963725, 0.42963725, 0.42963725, 0.42963725, 0.42963725, 0.42963725, 0.42963725, 0.42963725, 0.42963725, 0.42963725, 0.42963725, 0.42963725, 0.42963725, 0.42963725, 0.42963725, 0.42963725, 0.42963725, 0.42963725, 0.42963725, 0.42963725, 0.42963725, 0.42963725, 0.42963725, 0.42963725, 0.42963725, 0.42963725, 0.42963725, 0.42963725, 0.42963725, 0.42963725, 0.42963725, 0.42963725, 0.42963725, 0.42963725, 0.42963725, 0.42963725, 0.42963725, 0.42963725, 0.42963725, 0.42963725, 0.42963725, 0.42963725, 0.42963725, 0.42963725, 0.42963725, 0.42963725, 0.42963725, 0.42963725, 0.42963725, 0.42963725, 0.42963725, 0.42963725, 0.42963725, 0.42963725, 0.42963725, 0.42963725, 0.42963725, 0.42963725, 0.42963725, 0.42963725, 0.42963725, 0.42963725, 0.42963725, 0.42963725, 0.42963725, 0.42963725, 0.42963725, 0.42963725, 0.42963725, 0.42963725, 0.42963725, 0.42963725, 0.42963725, 0.42963725, 0.42963725, 0.42963725, 0.42963725, 0.42963725, 0.42963725, 0.42963725, 0.42963725, 0.42963725, 0.42963725, 0.42963725, 0.42963725, 0.42963725, 0.42963725, 0.42963725, 0.42963725, 0.42963725, 
0.43078355, 0.43078355, 0.43078355, 0.43078355, 0.43078355, 0.43078355, 0.43078355, 0.43078355, 0.43078355, 0.43078355, 0.43078355, 0.43078355, 0.43078355, 0.43078355, 0.43078355, 0.43078355, 0.43078355, 0.43078355, 0.43078355, 0.43078355, 0.43078355, 0.43078355, 0.43078355, 0.43078355, 0.43078355, 0.43078355, 0.43078355, 0.43078355, 0.43078355, 0.43078355, 0.43078355, 0.43078355, 0.43078355, 0.43078355, 0.43078355, 0.43078355, 0.43078355, 0.43078355, 0.43078355, 0.43078355, 0.43078355, 0.43078355, 0.43078355, 0.43078355, 0.43078355, 0.43078355, 0.43078355, 0.43078355, 0.43078355, 0.43078355, 0.43078355, 0.43078355, 0.43078355, 0.43078355, 0.43078355, 0.43078355, 0.43078355, 0.43078355, 0.43078355, 0.43078355, 0.43078355, 0.43078355, 0.43078355, 0.43078355, 0.43078355, 0.43078355, 0.43078355, 0.43078355, 0.43078355, 0.43078355, 0.43078355, 0.43078355, 0.43078355, 0.43078355, 0.43078355, 0.43078355, 0.43078355, 0.43078355, 0.43078355, 0.43078355, 0.43078355, 0.43078355, 0.43078355, 0.43078355, 0.43078355, 0.43078355, 0.43078355, 0.43078355, 0.43078355, 0.43078355, 0.43078355, 0.43078355, 0.43078355, 0.43078355, 0.43078355, 0.43078355, 0.43078355, 0.43078355, 0.43078355, 0.43078355, 
0.43012974, 0.43012974, 0.43012974, 0.43012974, 0.43012974, 0.43012974, 0.43012974, 0.43012974, 0.43012974, 0.43012974, 0.43012974, 0.43012974, 0.43012974, 0.43012974, 0.43012974, 0.43012974, 0.43012974, 0.43012974, 0.43012974, 0.43012974, 0.43012974, 0.43012974, 0.43012974, 0.43012974, 0.43012974, 0.43012974, 0.43012974, 0.43012974, 0.43012974, 0.43012974, 0.43012974, 0.43012974, 0.43012974, 0.43012974, 0.43012974, 0.43012974, 0.43012974, 0.43012974, 0.43012974, 0.43012974, 0.43012974, 0.43012974, 0.43012974, 0.43012974, 0.43012974, 0.43012974, 0.43012974, 0.43012974, 0.43012974, 0.43012974, 0.43012974, 0.43012974, 0.43012974, 0.43012974, 0.43012974, 0.43012974, 0.43012974, 0.43012974, 0.43012974, 0.43012974, 0.43012974, 0.43012974, 0.43012974, 0.43012974, 0.43012974, 0.43012974, 0.43012974, 0.43012974, 0.43012974, 0.43012974, 0.43012974, 0.43012974, 0.43012974, 0.43012974, 0.43012974, 0.43012974, 0.43012974, 0.43012974, 0.43012974, 0.43012974, 0.43012974, 0.43012974, 0.43012974, 0.43012974, 0.43012974, 0.43012974, 0.43012974, 0.43012974, 0.43012974, 0.43012974, 0.43012974, 0.43012974, 0.43012974, 0.43012974, 0.43012974, 0.43012974, 0.43012974, 0.43012974, 0.43012974, 0.43012974, 
0.42648397, 0.42648397, 0.42648397, 0.42648397, 0.42648397, 0.42648397, 0.42648397, 0.42648397, 0.42648397, 0.42648397, 0.42648397, 0.42648397, 0.42648397, 0.42648397, 0.42648397, 0.42648397, 0.42648397, 0.42648397, 0.42648397, 0.42648397, 0.42648397, 0.42648397, 0.42648397, 0.42648397, 0.42648397, 0.42648397, 0.42648397, 0.42648397, 0.42648397, 0.42648397, 0.42648397, 0.42648397, 0.42648397, 0.42648397, 0.42648397, 0.42648397, 0.42648397, 0.42648397, 0.42648397, 0.42648397, 0.42648397, 0.42648397, 0.42648397, 0.42648397, 0.42648397, 0.42648397, 0.42648397, 0.42648397, 0.42648397, 0.42648397, 0.42648397, 0.42648397, 0.42648397, 0.42648397, 0.42648397, 0.42648397, 0.42648397, 0.42648397, 0.42648397, 0.42648397, 0.42648397, 0.42648397, 0.42648397, 0.42648397, 0.42648397, 0.42648397, 0.42648397, 0.42648397, 0.42648397, 0.42648397, 0.42648397, 0.42648397, 0.42648397, 0.42648397, 0.42648397, 0.42648397, 0.42648397, 0.42648397, 0.42648397, 0.42648397, 0.42648397, 0.42648397, 0.42648397, 0.42648397, 0.42648397, 0.42648397, 0.42648397, 0.42648397, 0.42648397, 0.42648397, 0.42648397, 0.42648397, 0.42648397, 0.42648397, 0.42648397, 0.42648397, 0.42648397, 0.42648397, 0.42648397, 0.42648397, 
0.41893680, 0.41893680, 0.41893680, 0.41893680, 0.41893680, 0.41893680, 0.41893680, 0.41893680, 0.41893680, 0.41893680, 0.41893680, 0.41893680, 0.41893680, 0.41893680, 0.41893680, 0.41893680, 0.41893680, 0.41893680, 0.41893680, 0.41893680, 0.41893680, 0.41893680, 0.41893680, 0.41893680, 0.41893680, 0.41893680, 0.41893680, 0.41893680, 0.41893680, 0.41893680, 0.41893680, 0.41893680, 0.41893680, 0.41893680, 0.41893680, 0.41893680, 0.41893680, 0.41893680, 0.41893680, 0.41893680, 0.41893680, 0.41893680, 0.41893680, 0.41893680, 0.41893680, 0.41893680, 0.41893680, 0.41893680, 0.41893680, 0.41893680, 0.41893680, 0.41893680, 0.41893680, 0.41893680, 0.41893680, 0.41893680, 0.41893680, 0.41893680, 0.41893680, 0.41893680, 0.41893680, 0.41893680, 0.41893680, 0.41893680, 0.41893680, 0.41893680, 0.41893680, 0.41893680, 0.41893680, 0.41893680, 0.41893680, 0.41893680, 0.41893680, 0.41893680, 0.41893680, 0.41893680, 0.41893680, 0.41893680, 0.41893680, 0.41893680, 0.41893680, 0.41893680, 0.41893680, 0.41893680, 0.41893680, 0.41893680, 0.41893680, 0.41893680, 0.41893680, 0.41893680, 0.41893680, 0.41893680, 0.41893680, 0.41893680, 0.41893680, 0.41893680, 0.41893680, 0.41893680, 0.41893680, 0.41893680, 
0.40716406, 0.40716406, 0.40716406, 0.40716406, 0.40716406, 0.40716406, 0.40716406, 0.40716406, 0.40716406, 0.40716406, 0.40716406, 0.40716406, 0.40716406, 0.40716406, 0.40716406, 0.40716406, 0.40716406, 0.40716406, 0.40716406, 0.40716406, 0.40716406, 0.40716406, 0.40716406, 0.40716406, 0.40716406, 0.40716406, 0.40716406, 0.40716406, 0.40716406, 0.40716406, 0.40716406, 0.40716406, 0.40716406, 0.40716406, 0.40716406, 0.40716406, 0.40716406, 0.40716406, 0.40716406, 0.40716406, 0.40716406, 0.40716406, 0.40716406, 0.40716406, 0.40716406, 0.40716406, 0.40716406, 0.40716406, 0.40716406, 0.40716406, 0.40716406, 0.40716406, 0.40716406, 0.40716406, 0.40716406, 0.40716406, 0.40716406, 0.40716406, 0.40716406, 0.40716406, 0.40716406, 0.40716406, 0.40716406, 0.40716406, 0.40716406, 0.40716406, 0.40716406, 0.40716406, 0.40716406, 0.40716406, 0.40716406, 0.40716406, 0.40716406, 0.40716406, 0.40716406, 0.40716406, 0.40716406, 0.40716406, 0.40716406, 0.40716406, 0.40716406, 0.40716406, 0.40716406, 0.40716406, 0.40716406, 0.40716406, 0.40716406, 0.40716406, 0.40716406, 0.40716406, 0.40716406, 0.40716406, 0.40716406, 0.40716406, 0.40716406, 0.40716406, 0.40716406, 0.40716406, 0.40716406, 0.40716406, 
0.39156612, 0.39156612, 0.39156612, 0.39156612, 0.39156612, 0.39156612, 0.39156612, 0.39156612, 0.39156612, 0.39156612, 0.39156612, 0.39156612, 0.39156612, 0.39156612, 0.39156612, 0.39156612, 0.39156612, 0.39156612, 0.39156612, 0.39156612, 0.39156612, 0.39156612, 0.39156612, 0.39156612, 0.39156612, 0.39156612, 0.39156612, 0.39156612, 0.39156612, 0.39156612, 0.39156612, 0.39156612, 0.39156612, 0.39156612, 0.39156612, 0.39156612, 0.39156612, 0.39156612, 0.39156612, 0.39156612, 0.39156612, 0.39156612, 0.39156612, 0.39156612, 0.39156612, 0.39156612, 0.39156612, 0.39156612, 0.39156612, 0.39156612, 0.39156612, 0.39156612, 0.39156612, 0.39156612, 0.39156612, 0.39156612, 0.39156612, 0.39156612, 0.39156612, 0.39156612, 0.39156612, 0.39156612, 0.39156612, 0.39156612, 0.39156612, 0.39156612, 0.39156612, 0.39156612, 0.39156612, 0.39156612, 0.39156612, 0.39156612, 0.39156612, 0.39156612, 0.39156612, 0.39156612, 0.39156612, 0.39156612, 0.39156612, 0.39156612, 0.39156612, 0.39156612, 0.39156612, 0.39156612, 0.39156612, 0.39156612, 0.39156612, 0.39156612, 0.39156612, 0.39156612, 0.39156612, 0.39156612, 0.39156612, 0.39156612, 0.39156612, 0.39156612, 0.39156612, 0.39156612, 0.39156612, 0.39156612, 
0.37319248, 0.37319248, 0.37319248, 0.37319248, 0.37319248, 0.37319248, 0.37319248, 0.37319248, 0.37319248, 0.37319248, 0.37319248, 0.37319248, 0.37319248, 0.37319248, 0.37319248, 0.37319248, 0.37319248, 0.37319248, 0.37319248, 0.37319248, 0.37319248, 0.37319248, 0.37319248, 0.37319248, 0.37319248, 0.37319248, 0.37319248, 0.37319248, 0.37319248, 0.37319248, 0.37319248, 0.37319248, 0.37319248, 0.37319248, 0.37319248, 0.37319248, 0.37319248, 0.37319248, 0.37319248, 0.37319248, 0.37319248, 0.37319248, 0.37319248, 0.37319248, 0.37319248, 0.37319248, 0.37319248, 0.37319248, 0.37319248, 0.37319248, 0.37319248, 0.37319248, 0.37319248, 0.37319248, 0.37319248, 0.37319248, 0.37319248, 0.37319248, 0.37319248, 0.37319248, 0.37319248, 0.37319248, 0.37319248, 0.37319248, 0.37319248, 0.37319248, 0.37319248, 0.37319248, 0.37319248, 0.37319248, 0.37319248, 0.37319248, 0.37319248, 0.37319248, 0.37319248, 0.37319248, 0.37319248, 0.37319248, 0.37319248, 0.37319248, 0.37319248, 0.37319248, 0.37319248, 0.37319248, 0.37319248, 0.37319248, 0.37319248, 0.37319248, 0.37319248, 0.37319248, 0.37319248, 0.37319248, 0.37319248, 0.37319248, 0.37319248, 0.37319248, 0.37319248, 0.37319248, 0.37319248, 0.37319248, 
0.35349165, 0.35349165, 0.35349165, 0.35349165, 0.35349165, 0.35349165, 0.35349165, 0.35349165, 0.35349165, 0.35349165, 0.35349165, 0.35349165, 0.35349165, 0.35349165, 0.35349165, 0.35349165, 0.35349165, 0.35349165, 0.35349165, 0.35349165, 0.35349165, 0.35349165, 0.35349165, 0.35349165, 0.35349165, 0.35349165, 0.35349165, 0.35349165, 0.35349165, 0.35349165, 0.35349165, 0.35349165, 0.35349165, 0.35349165, 0.35349165, 0.35349165, 0.35349165, 0.35349165, 0.35349165, 0.35349165, 0.35349165, 0.35349165, 0.35349165, 0.35349165, 0.35349165, 0.35349165, 0.35349165, 0.35349165, 0.35349165, 0.35349165, 0.35349165, 0.35349165, 0.35349165, 0.35349165, 0.35349165, 0.35349165, 0.35349165, 0.35349165, 0.35349165, 0.35349165, 0.35349165, 0.35349165, 0.35349165, 0.35349165, 0.35349165, 0.35349165, 0.35349165, 0.35349165, 0.35349165, 0.35349165, 0.35349165, 0.35349165, 0.35349165, 0.35349165, 0.35349165, 0.35349165, 0.35349165, 0.35349165, 0.35349165, 0.35349165, 0.35349165, 0.35349165, 0.35349165, 0.35349165, 0.35349165, 0.35349165, 0.35349165, 0.35349165, 0.35349165, 0.35349165, 0.35349165, 0.35349165, 0.35349165, 0.35349165, 0.35349165, 0.35349165, 0.35349165, 0.35349165, 0.35349165, 0.35349165, 
0.33398644, 0.33398644, 0.33398644, 0.33398644, 0.33398644, 0.33398644, 0.33398644, 0.33398644, 0.33398644, 0.33398644, 0.33398644, 0.33398644, 0.33398644, 0.33398644, 0.33398644, 0.33398644, 0.33398644, 0.33398644, 0.33398644, 0.33398644, 0.33398644, 0.33398644, 0.33398644, 0.33398644, 0.33398644, 0.33398644, 0.33398644, 0.33398644, 0.33398644, 0.33398644, 0.33398644, 0.33398644, 0.33398644, 0.33398644, 0.33398644, 0.33398644, 0.33398644, 0.33398644, 0.33398644, 0.33398644, 0.33398644, 0.33398644, 0.33398644, 0.33398644, 0.33398644, 0.33398644, 0.33398644, 0.33398644, 0.33398644, 0.33398644, 0.33398644, 0.33398644, 0.33398644, 0.33398644, 0.33398644, 0.33398644, 0.33398644, 0.33398644, 0.33398644, 0.33398644, 0.33398644, 0.33398644, 0.33398644, 0.33398644, 0.33398644, 0.33398644, 0.33398644, 0.33398644, 0.33398644, 0.33398644, 0.33398644, 0.33398644, 0.33398644, 0.33398644, 0.33398644, 0.33398644, 0.33398644, 0.33398644, 0.33398644, 0.33398644, 0.33398644, 0.33398644, 0.33398644, 0.33398644, 0.33398644, 0.33398644, 0.33398644, 0.33398644, 0.33398644, 0.33398644, 0.33398644, 0.33398644, 0.33398644, 0.33398644, 0.33398644, 0.33398644, 0.33398644, 0.33398644, 0.33398644, 0.33398644, 
0.31598087, 0.31598087, 0.31598087, 0.31598087, 0.31598087, 0.31598087, 0.31598087, 0.31598087, 0.31598087, 0.31598087, 0.31598087, 0.31598087, 0.31598087, 0.31598087, 0.31598087, 0.31598087, 0.31598087, 0.31598087, 0.31598087, 0.31598087, 0.31598087, 0.31598087, 0.31598087, 0.31598087, 0.31598087, 0.31598087, 0.31598087, 0.31598087, 0.31598087, 0.31598087, 0.31598087, 0.31598087, 0.31598087, 0.31598087, 0.31598087, 0.31598087, 0.31598087, 0.31598087, 0.31598087, 0.31598087, 0.31598087, 0.31598087, 0.31598087, 0.31598087, 0.31598087, 0.31598087, 0.31598087, 0.31598087, 0.31598087, 0.31598087, 0.31598087, 0.31598087, 0.31598087, 0.31598087, 0.31598087, 0.31598087, 0.31598087, 0.31598087, 0.31598087, 0.31598087, 0.31598087, 0.31598087, 0.31598087, 0.31598087, 0.31598087, 0.31598087, 0.31598087, 0.31598087, 0.31598087, 0.31598087, 0.31598087, 0.31598087, 0.31598087, 0.31598087, 0.31598087, 0.31598087, 0.31598087, 0.31598087, 0.31598087, 0.31598087, 0.31598087, 0.31598087, 0.31598087, 0.31598087, 0.31598087, 0.31598087, 0.31598087, 0.31598087, 0.31598087, 0.31598087, 0.31598087, 0.31598087, 0.31598087, 0.31598087, 0.31598087, 0.31598087, 0.31598087, 0.31598087, 0.31598087, 0.31598087, 
0.30036945, 0.30036945, 0.30036945, 0.30036945, 0.30036945, 0.30036945, 0.30036945, 0.30036945, 0.30036945, 0.30036945, 0.30036945, 0.30036945, 0.30036945, 0.30036945, 0.30036945, 0.30036945, 0.30036945, 0.30036945, 0.30036945, 0.30036945, 0.30036945, 0.30036945, 0.30036945, 0.30036945, 0.30036945, 0.30036945, 0.30036945, 0.30036945, 0.30036945, 0.30036945, 0.30036945, 0.30036945, 0.30036945, 0.30036945, 0.30036945, 0.30036945, 0.30036945, 0.30036945, 0.30036945, 0.30036945, 0.30036945, 0.30036945, 0.30036945, 0.30036945, 0.30036945, 0.30036945, 0.30036945, 0.30036945, 0.30036945, 0.30036945, 0.30036945, 0.30036945, 0.30036945, 0.30036945, 0.30036945, 0.30036945, 0.30036945, 0.30036945, 0.30036945, 0.30036945, 0.30036945, 0.30036945, 0.30036945, 0.30036945, 0.30036945, 0.30036945, 0.30036945, 0.30036945, 0.30036945, 0.30036945, 0.30036945, 0.30036945, 0.30036945, 0.30036945, 0.30036945, 0.30036945, 0.30036945, 0.30036945, 0.30036945, 0.30036945, 0.30036945, 0.30036945, 0.30036945, 0.30036945, 0.30036945, 0.30036945, 0.30036945, 0.30036945, 0.30036945, 0.30036945, 0.30036945, 0.30036945, 0.30036945, 0.30036945, 0.30036945, 0.30036945, 0.30036945, 0.30036945, 0.30036945, 0.30036945, 
0.28757077, 0.28757077, 0.28757077, 0.28757077, 0.28757077, 0.28757077, 0.28757077, 0.28757077, 0.28757077, 0.28757077, 0.28757077, 0.28757077, 0.28757077, 0.28757077, 0.28757077, 0.28757077, 0.28757077, 0.28757077, 0.28757077, 0.28757077, 0.28757077, 0.28757077, 0.28757077, 0.28757077, 0.28757077, 0.28757077, 0.28757077, 0.28757077, 0.28757077, 0.28757077, 0.28757077, 0.28757077, 0.28757077, 0.28757077, 0.28757077, 0.28757077, 0.28757077, 0.28757077, 0.28757077, 0.28757077, 0.28757077, 0.28757077, 0.28757077, 0.28757077, 0.28757077, 0.28757077, 0.28757077, 0.28757077, 0.28757077, 0.28757077, 0.28757077, 0.28757077, 0.28757077, 0.28757077, 0.28757077, 0.28757077, 0.28757077, 0.28757077, 0.28757077, 0.28757077, 0.28757077, 0.28757077, 0.28757077, 0.28757077, 0.28757077, 0.28757077, 0.28757077, 0.28757077, 0.28757077, 0.28757077, 0.28757077, 0.28757077, 0.28757077, 0.28757077, 0.28757077, 0.28757077, 0.28757077, 0.28757077, 0.28757077, 0.28757077, 0.28757077, 0.28757077, 0.28757077, 0.28757077, 0.28757077, 0.28757077, 0.28757077, 0.28757077, 0.28757077, 0.28757077, 0.28757077, 0.28757077, 0.28757077, 0.28757077, 0.28757077, 0.28757077, 0.28757077, 0.28757077, 0.28757077, 0.28757077, 
0.27756725, 0.27756725, 0.27756725, 0.27756725, 0.27756725, 0.27756725, 0.27756725, 0.27756725, 0.27756725, 0.27756725, 0.27756725, 0.27756725, 0.27756725, 0.27756725, 0.27756725, 0.27756725, 0.27756725, 0.27756725, 0.27756725, 0.27756725, 0.27756725, 0.27756725, 0.27756725, 0.27756725, 0.27756725, 0.27756725, 0.27756725, 0.27756725, 0.27756725, 0.27756725, 0.27756725, 0.27756725, 0.27756725, 0.27756725, 0.27756725, 0.27756725, 0.27756725, 0.27756725, 0.27756725, 0.27756725, 0.27756725, 0.27756725, 0.27756725, 0.27756725, 0.27756725, 0.27756725, 0.27756725, 0.27756725, 0.27756725, 0.27756725, 0.27756725, 0.27756725, 0.27756725, 0.27756725, 0.27756725, 0.27756725, 0.27756725, 0.27756725, 0.27756725, 0.27756725, 0.27756725, 0.27756725, 0.27756725, 0.27756725, 0.27756725, 0.27756725, 0.27756725, 0.27756725, 0.27756725, 0.27756725, 0.27756725, 0.27756725, 0.27756725, 0.27756725, 0.27756725, 0.27756725, 0.27756725, 0.27756725, 0.27756725, 0.27756725, 0.27756725, 0.27756725, 0.27756725, 0.27756725, 0.27756725, 0.27756725, 0.27756725, 0.27756725, 0.27756725, 0.27756725, 0.27756725, 0.27756725, 0.27756725, 0.27756725, 0.27756725, 0.27756725, 0.27756725, 0.27756725, 0.27756725, 0.27756725, 
0.27001164, 0.27001164, 0.27001164, 0.27001164, 0.27001164, 0.27001164, 0.27001164, 0.27001164, 0.27001164, 0.27001164, 0.27001164, 0.27001164, 0.27001164, 0.27001164, 0.27001164, 0.27001164, 0.27001164, 0.27001164, 0.27001164, 0.27001164, 0.27001164, 0.27001164, 0.27001164, 0.27001164, 0.27001164, 0.27001164, 0.27001164, 0.27001164, 0.27001164, 0.27001164, 0.27001164, 0.27001164, 0.27001164, 0.27001164, 0.27001164, 0.27001164, 0.27001164, 0.27001164, 0.27001164, 0.27001164, 0.27001164, 0.27001164, 0.27001164, 0.27001164, 0.27001164, 0.27001164, 0.27001164, 0.27001164, 0.27001164, 0.27001164, 0.27001164, 0.27001164, 0.27001164, 0.27001164, 0.27001164, 0.27001164, 0.27001164, 0.27001164, 0.27001164, 0.27001164, 0.27001164, 0.27001164, 0.27001164, 0.27001164, 0.27001164, 0.27001164, 0.27001164, 0.27001164, 0.27001164, 0.27001164, 0.27001164, 0.27001164, 0.27001164, 0.27001164, 0.27001164, 0.27001164, 0.27001164, 0.27001164, 0.27001164, 0.27001164, 0.27001164, 0.27001164, 0.27001164, 0.27001164, 0.27001164, 0.27001164, 0.27001164, 0.27001164, 0.27001164, 0.27001164, 0.27001164, 0.27001164, 0.27001164, 0.27001164, 0.27001164, 0.27001164, 0.27001164, 0.27001164, 0.27001164, 0.27001164, 
0.26435741, 0.26435741, 0.26435741, 0.26435741, 0.26435741, 0.26435741, 0.26435741, 0.26435741, 0.26435741, 0.26435741, 0.26435741, 0.26435741, 0.26435741, 0.26435741, 0.26435741, 0.26435741, 0.26435741, 0.26435741, 0.26435741, 0.26435741, 0.26435741, 0.26435741, 0.26435741, 0.26435741, 0.26435741, 0.26435741, 0.26435741, 0.26435741, 0.26435741, 0.26435741, 0.26435741, 0.26435741, 0.26435741, 0.26435741, 0.26435741, 0.26435741, 0.26435741, 0.26435741, 0.26435741, 0.26435741, 0.26435741, 0.26435741, 0.26435741, 0.26435741, 0.26435741, 0.26435741, 0.26435741, 0.26435741, 0.26435741, 0.26435741, 0.26435741, 0.26435741, 0.26435741, 0.26435741, 0.26435741, 0.26435741, 0.26435741, 0.26435741, 0.26435741, 0.26435741, 0.26435741, 0.26435741, 0.26435741, 0.26435741, 0.26435741, 0.26435741, 0.26435741, 0.26435741, 0.26435741, 0.26435741, 0.26435741, 0.26435741, 0.26435741, 0.26435741, 0.26435741, 0.26435741, 0.26435741, 0.26435741, 0.26435741, 0.26435741, 0.26435741, 0.26435741, 0.26435741, 0.26435741, 0.26435741, 0.26435741, 0.26435741, 0.26435741, 0.26435741, 0.26435741, 0.26435741, 0.26435741, 0.26435741, 0.26435741, 0.26435741, 0.26435741, 0.26435741, 0.26435741, 0.26435741, 0.26435741, 
0.25997869, 0.25997869, 0.25997869, 0.25997869, 0.25997869, 0.25997869, 0.25997869, 0.25997869, 0.25997869, 0.25997869, 0.25997869, 0.25997869, 0.25997869, 0.25997869, 0.25997869, 0.25997869, 0.25997869, 0.25997869, 0.25997869, 0.25997869, 0.25997869, 0.25997869, 0.25997869, 0.25997869, 0.25997869, 0.25997869, 0.25997869, 0.25997869, 0.25997869, 0.25997869, 0.25997869, 0.25997869, 0.25997869, 0.25997869, 0.25997869, 0.25997869, 0.25997869, 0.25997869, 0.25997869, 0.25997869, 0.25997869, 0.25997869, 0.25997869, 0.25997869, 0.25997869, 0.25997869, 0.25997869, 0.25997869, 0.25997869, 0.25997869, 0.25997869, 0.25997869, 0.25997869, 0.25997869, 0.25997869, 0.25997869, 0.25997869, 0.25997869, 0.25997869, 0.25997869, 0.25997869, 0.25997869, 0.25997869, 0.25997869, 0.25997869, 0.25997869, 0.25997869, 0.25997869, 0.25997869, 0.25997869, 0.25997869, 0.25997869, 0.25997869, 0.25997869, 0.25997869, 0.25997869, 0.25997869, 0.25997869, 0.25997869, 0.25997869, 0.25997869, 0.25997869, 0.25997869, 0.25997869, 0.25997869, 0.25997869, 0.25997869, 0.25997869, 0.25997869, 0.25997869, 0.25997869, 0.25997869, 0.25997869, 0.25997869, 0.25997869, 0.25997869, 0.25997869, 0.25997869, 0.25997869, 0.25997869, 
0.25625885, 0.25625885, 0.25625885, 0.25625885, 0.25625885, 0.25625885, 0.25625885, 0.25625885, 0.25625885, 0.25625885, 0.25625885, 0.25625885, 0.25625885, 0.25625885, 0.25625885, 0.25625885, 0.25625885, 0.25625885, 0.25625885, 0.25625885, 0.25625885, 0.25625885, 0.25625885, 0.25625885, 0.25625885, 0.25625885, 0.25625885, 0.25625885, 0.25625885, 0.25625885, 0.25625885, 0.25625885, 0.25625885, 0.25625885, 0.25625885, 0.25625885, 0.25625885, 0.25625885, 0.25625885, 0.25625885, 0.25625885, 0.25625885, 0.25625885, 0.25625885, 0.25625885, 0.25625885, 0.25625885, 0.25625885, 0.25625885, 0.25625885, 0.25625885, 0.25625885, 0.25625885, 0.25625885, 0.25625885, 0.25625885, 0.25625885, 0.25625885, 0.25625885, 0.25625885, 0.25625885, 0.25625885, 0.25625885, 0.25625885, 0.25625885, 0.25625885, 0.25625885, 0.25625885, 0.25625885, 0.25625885, 0.25625885, 0.25625885, 0.25625885, 0.25625885, 0.25625885, 0.25625885, 0.25625885, 0.25625885, 0.25625885, 0.25625885, 0.25625885, 0.25625885, 0.25625885, 0.25625885, 0.25625885, 0.25625885, 0.25625885, 0.25625885, 0.25625885, 0.25625885, 0.25625885, 0.25625885, 0.25625885, 0.25625885, 0.25625885, 0.25625885, 0.25625885, 0.25625885, 0.25625885, 0.25625885, 
0.25264182, 0.25264182, 0.25264182, 0.25264182, 0.25264182, 0.25264182, 0.25264182, 0.25264182, 0.25264182, 0.25264182, 0.25264182, 0.25264182, 0.25264182, 0.25264182, 0.25264182, 0.25264182, 0.25264182, 0.25264182, 0.25264182, 0.25264182, 0.25264182, 0.25264182, 0.25264182, 0.25264182, 0.25264182, 0.25264182, 0.25264182, 0.25264182, 0.25264182, 0.25264182, 0.25264182, 0.25264182, 0.25264182, 0.25264182, 0.25264182, 0.25264182, 0.25264182, 0.25264182, 0.25264182, 0.25264182, 0.25264182, 0.25264182, 0.25264182, 0.25264182, 0.25264182, 0.25264182, 0.25264182, 0.25264182, 0.25264182, 0.25264182, 0.25264182, 0.25264182, 0.25264182, 0.25264182, 0.25264182, 0.25264182, 0.25264182, 0.25264182, 0.25264182, 0.25264182, 0.25264182, 0.25264182, 0.25264182, 0.25264182, 0.25264182, 0.25264182, 0.25264182, 0.25264182, 0.25264182, 0.25264182, 0.25264182, 0.25264182, 0.25264182, 0.25264182, 0.25264182, 0.25264182, 0.25264182, 0.25264182, 0.25264182, 0.25264182, 0.25264182, 0.25264182, 0.25264182, 0.25264182, 0.25264182, 0.25264182, 0.25264182, 0.25264182, 0.25264182, 0.25264182, 0.25264182, 0.25264182, 0.25264182, 0.25264182, 0.25264182, 0.25264182, 0.25264182, 0.25264182, 0.25264182, 0.25264182, 
0.24865084, 0.24865084, 0.24865084, 0.24865084, 0.24865084, 0.24865084, 0.24865084, 0.24865084, 0.24865084, 0.24865084, 0.24865084, 0.24865084, 0.24865084, 0.24865084, 0.24865084, 0.24865084, 0.24865084, 0.24865084, 0.24865084, 0.24865084, 0.24865084, 0.24865084, 0.24865084, 0.24865084, 0.24865084, 0.24865084, 0.24865084, 0.24865084, 0.24865084, 0.24865084, 0.24865084, 0.24865084, 0.24865084, 0.24865084, 0.24865084, 0.24865084, 0.24865084, 0.24865084, 0.24865084, 0.24865084, 0.24865084, 0.24865084, 0.24865084, 0.24865084, 0.24865084, 0.24865084, 0.24865084, 0.24865084, 0.24865084, 0.24865084, 0.24865084, 0.24865084, 0.24865084, 0.24865084, 0.24865084, 0.24865084, 0.24865084, 0.24865084, 0.24865084, 0.24865084, 0.24865084, 0.24865084, 0.24865084, 0.24865084, 0.24865084, 0.24865084, 0.24865084, 0.24865084, 0.24865084, 0.24865084, 0.24865084, 0.24865084, 0.24865084, 0.24865084, 0.24865084, 0.24865084, 0.24865084, 0.24865084, 0.24865084, 0.24865084, 0.24865084, 0.24865084, 0.24865084, 0.24865084, 0.24865084, 0.24865084, 0.24865084, 0.24865084, 0.24865084, 0.24865084, 0.24865084, 0.24865084, 0.24865084, 0.24865084, 0.24865084, 0.24865084, 0.24865084, 0.24865084, 0.24865084, 0.24865084, 
0.24388620, 0.24388620, 0.24388620, 0.24388620, 0.24388620, 0.24388620, 0.24388620, 0.24388620, 0.24388620, 0.24388620, 0.24388620, 0.24388620, 0.24388620, 0.24388620, 0.24388620, 0.24388620, 0.24388620, 0.24388620, 0.24388620, 0.24388620, 0.24388620, 0.24388620, 0.24388620, 0.24388620, 0.24388620, 0.24388620, 0.24388620, 0.24388620, 0.24388620, 0.24388620, 0.24388620, 0.24388620, 0.24388620, 0.24388620, 0.24388620, 0.24388620, 0.24388620, 0.24388620, 0.24388620, 0.24388620, 0.24388620, 0.24388620, 0.24388620, 0.24388620, 0.24388620, 0.24388620, 0.24388620, 0.24388620, 0.24388620, 0.24388620, 0.24388620, 0.24388620, 0.24388620, 0.24388620, 0.24388620, 0.24388620, 0.24388620, 0.24388620, 0.24388620, 0.24388620, 0.24388620, 0.24388620, 0.24388620, 0.24388620, 0.24388620, 0.24388620, 0.24388620, 0.24388620, 0.24388620, 0.24388620, 0.24388620, 0.24388620, 0.24388620, 0.24388620, 0.24388620, 0.24388620, 0.24388620, 0.24388620, 0.24388620, 0.24388620, 0.24388620, 0.24388620, 0.24388620, 0.24388620, 0.24388620, 0.24388620, 0.24388620, 0.24388620, 0.24388620, 0.24388620, 0.24388620, 0.24388620, 0.24388620, 0.24388620, 0.24388620, 0.24388620, 0.24388620, 0.24388620, 0.24388620, 0.24388620, 
0.23801556, 0.23801556, 0.23801556, 0.23801556, 0.23801556, 0.23801556, 0.23801556, 0.23801556, 0.23801556, 0.23801556, 0.23801556, 0.23801556, 0.23801556, 0.23801556, 0.23801556, 0.23801556, 0.23801556, 0.23801556, 0.23801556, 0.23801556, 0.23801556, 0.23801556, 0.23801556, 0.23801556, 0.23801556, 0.23801556, 0.23801556, 0.23801556, 0.23801556, 0.23801556, 0.23801556, 0.23801556, 0.23801556, 0.23801556, 0.23801556, 0.23801556, 0.23801556, 0.23801556, 0.23801556, 0.23801556, 0.23801556, 0.23801556, 0.23801556, 0.23801556, 0.23801556, 0.23801556, 0.23801556, 0.23801556, 0.23801556, 0.23801556, 0.23801556, 0.23801556, 0.23801556, 0.23801556, 0.23801556, 0.23801556, 0.23801556, 0.23801556, 0.23801556, 0.23801556, 0.23801556, 0.23801556, 0.23801556, 0.23801556, 0.23801556, 0.23801556, 0.23801556, 0.23801556, 0.23801556, 0.23801556, 0.23801556, 0.23801556, 0.23801556, 0.23801556, 0.23801556, 0.23801556, 0.23801556, 0.23801556, 0.23801556, 0.23801556, 0.23801556, 0.23801556, 0.23801556, 0.23801556, 0.23801556, 0.23801556, 0.23801556, 0.23801556, 0.23801556, 0.23801556, 0.23801556, 0.23801556, 0.23801556, 0.23801556, 0.23801556, 0.23801556, 0.23801556, 0.23801556, 0.23801556, 0.23801556, 
0.23076979, 0.23076979, 0.23076979, 0.23076979, 0.23076979, 0.23076979, 0.23076979, 0.23076979, 0.23076979, 0.23076979, 0.23076979, 0.23076979, 0.23076979, 0.23076979, 0.23076979, 0.23076979, 0.23076979, 0.23076979, 0.23076979, 0.23076979, 0.23076979, 0.23076979, 0.23076979, 0.23076979, 0.23076979, 0.23076979, 0.23076979, 0.23076979, 0.23076979, 0.23076979, 0.23076979, 0.23076979, 0.23076979, 0.23076979, 0.23076979, 0.23076979, 0.23076979, 0.23076979, 0.23076979, 0.23076979, 0.23076979, 0.23076979, 0.23076979, 0.23076979, 0.23076979, 0.23076979, 0.23076979, 0.23076979, 0.23076979, 0.23076979, 0.23076979, 0.23076979, 0.23076979, 0.23076979, 0.23076979, 0.23076979, 0.23076979, 0.23076979, 0.23076979, 0.23076979, 0.23076979, 0.23076979, 0.23076979, 0.23076979, 0.23076979, 0.23076979, 0.23076979, 0.23076979, 0.23076979, 0.23076979, 0.23076979, 0.23076979, 0.23076979, 0.23076979, 0.23076979, 0.23076979, 0.23076979, 0.23076979, 0.23076979, 0.23076979, 0.23076979, 0.23076979, 0.23076979, 0.23076979, 0.23076979, 0.23076979, 0.23076979, 0.23076979, 0.23076979, 0.23076979, 0.23076979, 0.23076979, 0.23076979, 0.23076979, 0.23076979, 0.23076979, 0.23076979, 0.23076979, 0.23076979, 0.23076979, 
0.22195490, 0.22195490, 0.22195490, 0.22195490, 0.22195490, 0.22195490, 0.22195490, 0.22195490, 0.22195490, 0.22195490, 0.22195490, 0.22195490, 0.22195490, 0.22195490, 0.22195490, 0.22195490, 0.22195490, 0.22195490, 0.22195490, 0.22195490, 0.22195490, 0.22195490, 0.22195490, 0.22195490, 0.22195490, 0.22195490, 0.22195490, 0.22195490, 0.22195490, 0.22195490, 0.22195490, 0.22195490, 0.22195490, 0.22195490, 0.22195490, 0.22195490, 0.22195490, 0.22195490, 0.22195490, 0.22195490, 0.22195490, 0.22195490, 0.22195490, 0.22195490, 0.22195490, 0.22195490, 0.22195490, 0.22195490, 0.22195490, 0.22195490, 0.22195490, 0.22195490, 0.22195490, 0.22195490, 0.22195490, 0.22195490, 0.22195490, 0.22195490, 0.22195490, 0.22195490, 0.22195490, 0.22195490, 0.22195490, 0.22195490, 0.22195490, 0.22195490, 0.22195490, 0.22195490, 0.22195490, 0.22195490, 0.22195490, 0.22195490, 0.22195490, 0.22195490, 0.22195490, 0.22195490, 0.22195490, 0.22195490, 0.22195490, 0.22195490, 0.22195490, 0.22195490, 0.22195490, 0.22195490, 0.22195490, 0.22195490, 0.22195490, 0.22195490, 0.22195490, 0.22195490, 0.22195490, 0.22195490, 0.22195490, 0.22195490, 0.22195490, 0.22195490, 0.22195490, 0.22195490, 0.22195490, 0.22195490, 
0.21148773, 0.21148773, 0.21148773, 0.21148773, 0.21148773, 0.21148773, 0.21148773, 0.21148773, 0.21148773, 0.21148773, 0.21148773, 0.21148773, 0.21148773, 0.21148773, 0.21148773, 0.21148773, 0.21148773, 0.21148773, 0.21148773, 0.21148773, 0.21148773, 0.21148773, 0.21148773, 0.21148773, 0.21148773, 0.21148773, 0.21148773, 0.21148773, 0.21148773, 0.21148773, 0.21148773, 0.21148773, 0.21148773, 0.21148773, 0.21148773, 0.21148773, 0.21148773, 0.21148773, 0.21148773, 0.21148773, 0.21148773, 0.21148773, 0.21148773, 0.21148773, 0.21148773, 0.21148773, 0.21148773, 0.21148773, 0.21148773, 0.21148773, 0.21148773, 0.21148773, 0.21148773, 0.21148773, 0.21148773, 0.21148773, 0.21148773, 0.21148773, 0.21148773, 0.21148773, 0.21148773, 0.21148773, 0.21148773, 0.21148773, 0.21148773, 0.21148773, 0.21148773, 0.21148773, 0.21148773, 0.21148773, 0.21148773, 0.21148773, 0.21148773, 0.21148773, 0.21148773, 0.21148773, 0.21148773, 0.21148773, 0.21148773, 0.21148773, 0.21148773, 0.21148773, 0.21148773, 0.21148773, 0.21148773, 0.21148773, 0.21148773, 0.21148773, 0.21148773, 0.21148773, 0.21148773, 0.21148773, 0.21148773, 0.21148773, 0.21148773, 0.21148773, 0.21148773, 0.21148773, 0.21148773, 0.21148773, 
0.19945812, 0.19945812, 0.19945812, 0.19945812, 0.19945812, 0.19945812, 0.19945812, 0.19945812, 0.19945812, 0.19945812, 0.19945812, 0.19945812, 0.19945812, 0.19945812, 0.19945812, 0.19945812, 0.19945812, 0.19945812, 0.19945812, 0.19945812, 0.19945812, 0.19945812, 0.19945812, 0.19945812, 0.19945812, 0.19945812, 0.19945812, 0.19945812, 0.19945812, 0.19945812, 0.19945812, 0.19945812, 0.19945812, 0.19945812, 0.19945812, 0.19945812, 0.19945812, 0.19945812, 0.19945812, 0.19945812, 0.19945812, 0.19945812, 0.19945812, 0.19945812, 0.19945812, 0.19945812, 0.19945812, 0.19945812, 0.19945812, 0.19945812, 0.19945812, 0.19945812, 0.19945812, 0.19945812, 0.19945812, 0.19945812, 0.19945812, 0.19945812, 0.19945812, 0.19945812, 0.19945812, 0.19945812, 0.19945812, 0.19945812, 0.19945812, 0.19945812, 0.19945812, 0.19945812, 0.19945812, 0.19945812, 0.19945812, 0.19945812, 0.19945812, 0.19945812, 0.19945812, 0.19945812, 0.19945812, 0.19945812, 0.19945812, 0.19945812, 0.19945812, 0.19945812, 0.19945812, 0.19945812, 0.19945812, 0.19945812, 0.19945812, 0.19945812, 0.19945812, 0.19945812, 0.19945812, 0.19945812, 0.19945812, 0.19945812, 0.19945812, 0.19945812, 0.19945812, 0.19945812, 0.19945812, 0.19945812, 
0.18620961, 0.18620961, 0.18620961, 0.18620961, 0.18620961, 0.18620961, 0.18620961, 0.18620961, 0.18620961, 0.18620961, 0.18620961, 0.18620961, 0.18620961, 0.18620961, 0.18620961, 0.18620961, 0.18620961, 0.18620961, 0.18620961, 0.18620961, 0.18620961, 0.18620961, 0.18620961, 0.18620961, 0.18620961, 0.18620961, 0.18620961, 0.18620961, 0.18620961, 0.18620961, 0.18620961, 0.18620961, 0.18620961, 0.18620961, 0.18620961, 0.18620961, 0.18620961, 0.18620961, 0.18620961, 0.18620961, 0.18620961, 0.18620961, 0.18620961, 0.18620961, 0.18620961, 0.18620961, 0.18620961, 0.18620961, 0.18620961, 0.18620961, 0.18620961, 0.18620961, 0.18620961, 0.18620961, 0.18620961, 0.18620961, 0.18620961, 0.18620961, 0.18620961, 0.18620961, 0.18620961, 0.18620961, 0.18620961, 0.18620961, 0.18620961, 0.18620961, 0.18620961, 0.18620961, 0.18620961, 0.18620961, 0.18620961, 0.18620961, 0.18620961, 0.18620961, 0.18620961, 0.18620961, 0.18620961, 0.18620961, 0.18620961, 0.18620961, 0.18620961, 0.18620961, 0.18620961, 0.18620961, 0.18620961, 0.18620961, 0.18620961, 0.18620961, 0.18620961, 0.18620961, 0.18620961, 0.18620961, 0.18620961, 0.18620961, 0.18620961, 0.18620961, 0.18620961, 0.18620961, 0.18620961, 0.18620961, 
0.17241000, 0.17241000, 0.17241000, 0.17241000, 0.17241000, 0.17241000, 0.17241000, 0.17241000, 0.17241000, 0.17241000, 0.17241000, 0.17241000, 0.17241000, 0.17241000, 0.17241000, 0.17241000, 0.17241000, 0.17241000, 0.17241000, 0.17241000, 0.17241000, 0.17241000, 0.17241000, 0.17241000, 0.17241000, 0.17241000, 0.17241000, 0.17241000, 0.17241000, 0.17241000, 0.17241000, 0.17241000, 0.17241000, 0.17241000, 0.17241000, 0.17241000, 0.17241000, 0.17241000, 0.17241000, 0.17241000, 0.17241000, 0.17241000, 0.17241000, 0.17241000, 0.17241000, 0.17241000, 0.17241000, 0.17241000, 0.17241000, 0.17241000, 0.17241000, 0.17241000, 0.17241000, 0.17241000, 0.17241000, 0.17241000, 0.17241000, 0.17241000, 0.17241000, 0.17241000, 0.17241000, 0.17241000, 0.17241000, 0.17241000, 0.17241000, 0.17241000, 0.17241000, 0.17241000, 0.17241000, 0.17241000, 0.17241000, 0.17241000, 0.17241000, 0.17241000, 0.17241000, 0.17241000, 0.17241000, 0.17241000, 0.17241000, 0.17241000, 0.17241000, 0.17241000, 0.17241000, 0.17241000, 0.17241000, 0.17241000, 0.17241000, 0.17241000, 0.17241000, 0.17241000, 0.17241000, 0.17241000, 0.17241000, 0.17241000, 0.17241000, 0.17241000, 0.17241000, 0.17241000, 0.17241000, 0.17241000, 
0.15905389, 0.15905389, 0.15905389, 0.15905389, 0.15905389, 0.15905389, 0.15905389, 0.15905389, 0.15905389, 0.15905389, 0.15905389, 0.15905389, 0.15905389, 0.15905389, 0.15905389, 0.15905389, 0.15905389, 0.15905389, 0.15905389, 0.15905389, 0.15905389, 0.15905389, 0.15905389, 0.15905389, 0.15905389, 0.15905389, 0.15905389, 0.15905389, 0.15905389, 0.15905389, 0.15905389, 0.15905389, 0.15905389, 0.15905389, 0.15905389, 0.15905389, 0.15905389, 0.15905389, 0.15905389, 0.15905389, 0.15905389, 0.15905389, 0.15905389, 0.15905389, 0.15905389, 0.15905389, 0.15905389, 0.15905389, 0.15905389, 0.15905389, 0.15905389, 0.15905389, 0.15905389, 0.15905389, 0.15905389, 0.15905389, 0.15905389, 0.15905389, 0.15905389, 0.15905389, 0.15905389, 0.15905389, 0.15905389, 0.15905389, 0.15905389, 0.15905389, 0.15905389, 0.15905389, 0.15905389, 0.15905389, 0.15905389, 0.15905389, 0.15905389, 0.15905389, 0.15905389, 0.15905389, 0.15905389, 0.15905389, 0.15905389, 0.15905389, 0.15905389, 0.15905389, 0.15905389, 0.15905389, 0.15905389, 0.15905389, 0.15905389, 0.15905389, 0.15905389, 0.15905389, 0.15905389, 0.15905389, 0.15905389, 0.15905389, 0.15905389, 0.15905389, 0.15905389, 0.15905389, 0.15905389, 0.15905389, 
0.14731910, 0.14731910, 0.14731910, 0.14731910, 0.14731910, 0.14731910, 0.14731910, 0.14731910, 0.14731910, 0.14731910, 0.14731910, 0.14731910, 0.14731910, 0.14731910, 0.14731910, 0.14731910, 0.14731910, 0.14731910, 0.14731910, 0.14731910, 0.14731910, 0.14731910, 0.14731910, 0.14731910, 0.14731910, 0.14731910, 0.14731910, 0.14731910, 0.14731910, 0.14731910, 0.14731910, 0.14731910, 0.14731910, 0.14731910, 0.14731910, 0.14731910, 0.14731910, 0.14731910, 0.14731910, 0.14731910, 0.14731910, 0.14731910, 0.14731910, 0.14731910, 0.14731910, 0.14731910, 0.14731910, 0.14731910, 0.14731910, 0.14731910, 0.14731910, 0.14731910, 0.14731910, 0.14731910, 0.14731910, 0.14731910, 0.14731910, 0.14731910, 0.14731910, 0.14731910, 0.14731910, 0.14731910, 0.14731910, 0.14731910, 0.14731910, 0.14731910, 0.14731910, 0.14731910, 0.14731910, 0.14731910, 0.14731910, 0.14731910, 0.14731910, 0.14731910, 0.14731910, 0.14731910, 0.14731910, 0.14731910, 0.14731910, 0.14731910, 0.14731910, 0.14731910, 0.14731910, 0.14731910, 0.14731910, 0.14731910, 0.14731910, 0.14731910, 0.14731910, 0.14731910, 0.14731910, 0.14731910, 0.14731910, 0.14731910, 0.14731910, 0.14731910, 0.14731910, 0.14731910, 0.14731910, 0.14731910, 
0.13821314, 0.13821314, 0.13821314, 0.13821314, 0.13821314, 0.13821314, 0.13821314, 0.13821314, 0.13821314, 0.13821314, 0.13821314, 0.13821314, 0.13821314, 0.13821314, 0.13821314, 0.13821314, 0.13821314, 0.13821314, 0.13821314, 0.13821314, 0.13821314, 0.13821314, 0.13821314, 0.13821314, 0.13821314, 0.13821314, 0.13821314, 0.13821314, 0.13821314, 0.13821314, 0.13821314, 0.13821314, 0.13821314, 0.13821314, 0.13821314, 0.13821314, 0.13821314, 0.13821314, 0.13821314, 0.13821314, 0.13821314, 0.13821314, 0.13821314, 0.13821314, 0.13821314, 0.13821314, 0.13821314, 0.13821314, 0.13821314, 0.13821314, 0.13821314, 0.13821314, 0.13821314, 0.13821314, 0.13821314, 0.13821314, 0.13821314, 0.13821314, 0.13821314, 0.13821314, 0.13821314, 0.13821314, 0.13821314, 0.13821314, 0.13821314, 0.13821314, 0.13821314, 0.13821314, 0.13821314, 0.13821314, 0.13821314, 0.13821314, 0.13821314, 0.13821314, 0.13821314, 0.13821314, 0.13821314, 0.13821314, 0.13821314, 0.13821314, 0.13821314, 0.13821314, 0.13821314, 0.13821314, 0.13821314, 0.13821314, 0.13821314, 0.13821314, 0.13821314, 0.13821314, 0.13821314, 0.13821314, 0.13821314, 0.13821314, 0.13821314, 0.13821314, 0.13821314, 0.13821314, 0.13821314, 0.13821314, 
0.13209890, 0.13209890, 0.13209890, 0.13209890, 0.13209890, 0.13209890, 0.13209890, 0.13209890, 0.13209890, 0.13209890, 0.13209890, 0.13209890, 0.13209890, 0.13209890, 0.13209890, 0.13209890, 0.13209890, 0.13209890, 0.13209890, 0.13209890, 0.13209890, 0.13209890, 0.13209890, 0.13209890, 0.13209890, 0.13209890, 0.13209890, 0.13209890, 0.13209890, 0.13209890, 0.13209890, 0.13209890, 0.13209890, 0.13209890, 0.13209890, 0.13209890, 0.13209890, 0.13209890, 0.13209890, 0.13209890, 0.13209890, 0.13209890, 0.13209890, 0.13209890, 0.13209890, 0.13209890, 0.13209890, 0.13209890, 0.13209890, 0.13209890, 0.13209890, 0.13209890, 0.13209890, 0.13209890, 0.13209890, 0.13209890, 0.13209890, 0.13209890, 0.13209890, 0.13209890, 0.13209890, 0.13209890, 0.13209890, 0.13209890, 0.13209890, 0.13209890, 0.13209890, 0.13209890, 0.13209890, 0.13209890, 0.13209890, 0.13209890, 0.13209890, 0.13209890, 0.13209890, 0.13209890, 0.13209890, 0.13209890, 0.13209890, 0.13209890, 0.13209890, 0.13209890, 0.13209890, 0.13209890, 0.13209890, 0.13209890, 0.13209890, 0.13209890, 0.13209890, 0.13209890, 0.13209890, 0.13209890, 0.13209890, 0.13209890, 0.13209890, 0.13209890, 0.13209890, 0.13209890, 0.13209890, 0.13209890, 
0.12853283, 0.12853283, 0.12853283, 0.12853283, 0.12853283, 0.12853283, 0.12853283, 0.12853283, 0.12853283, 0.12853283, 0.12853283, 0.12853283, 0.12853283, 0.12853283, 0.12853283, 0.12853283, 0.12853283, 0.12853283, 0.12853283, 0.12853283, 0.12853283, 0.12853283, 0.12853283, 0.12853283, 0.12853283, 0.12853283, 0.12853283, 0.12853283, 0.12853283, 0.12853283, 0.12853283, 0.12853283, 0.12853283, 0.12853283, 0.12853283, 0.12853283, 0.12853283, 0.12853283, 0.12853283, 0.12853283, 0.12853283, 0.12853283, 0.12853283, 0.12853283, 0.12853283, 0.12853283, 0.12853283, 0.12853283, 0.12853283, 0.12853283, 0.12853283, 0.12853283, 0.12853283, 0.12853283, 0.12853283, 0.12853283, 0.12853283, 0.12853283, 0.12853283, 0.12853283, 0.12853283, 0.12853283, 0.12853283, 0.12853283, 0.12853283, 0.12853283, 0.12853283, 0.12853283, 0.12853283, 0.12853283, 0.12853283, 0.12853283, 0.12853283, 0.12853283, 0.12853283, 0.12853283, 0.12853283, 0.12853283, 0.12853283, 0.12853283, 0.12853283, 0.12853283, 0.12853283, 0.12853283, 0.12853283, 0.12853283, 0.12853283, 0.12853283, 0.12853283, 0.12853283, 0.12853283, 0.12853283, 0.12853283, 0.12853283, 0.12853283, 0.12853283, 0.12853283, 0.12853283, 0.12853283, 0.12853283, 
0.12667073, 0.12667073, 0.12667073, 0.12667073, 0.12667073, 0.12667073, 0.12667073, 0.12667073, 0.12667073, 0.12667073, 0.12667073, 0.12667073, 0.12667073, 0.12667073, 0.12667073, 0.12667073, 0.12667073, 0.12667073, 0.12667073, 0.12667073, 0.12667073, 0.12667073, 0.12667073, 0.12667073, 0.12667073, 0.12667073, 0.12667073, 0.12667073, 0.12667073, 0.12667073, 0.12667073, 0.12667073, 0.12667073, 0.12667073, 0.12667073, 0.12667073, 0.12667073, 0.12667073, 0.12667073, 0.12667073, 0.12667073, 0.12667073, 0.12667073, 0.12667073, 0.12667073, 0.12667073, 0.12667073, 0.12667073, 0.12667073, 0.12667073, 0.12667073, 0.12667073, 0.12667073, 0.12667073, 0.12667073, 0.12667073, 0.12667073, 0.12667073, 0.12667073, 0.12667073, 0.12667073, 0.12667073, 0.12667073, 0.12667073, 0.12667073, 0.12667073, 0.12667073, 0.12667073, 0.12667073, 0.12667073, 0.12667073, 0.12667073, 0.12667073, 0.12667073, 0.12667073, 0.12667073, 0.12667073, 0.12667073, 0.12667073, 0.12667073, 0.12667073, 0.12667073, 0.12667073, 0.12667073, 0.12667073, 0.12667073, 0.12667073, 0.12667073, 0.12667073, 0.12667073, 0.12667073, 0.12667073, 0.12667073, 0.12667073, 0.12667073, 0.12667073, 0.12667073, 0.12667073, 0.12667073, 0.12667073, 
0.12576587, 0.12576587, 0.12576587, 0.12576587, 0.12576587, 0.12576587, 0.12576587, 0.12576587, 0.12576587, 0.12576587, 0.12576587, 0.12576587, 0.12576587, 0.12576587, 0.12576587, 0.12576587, 0.12576587, 0.12576587, 0.12576587, 0.12576587, 0.12576587, 0.12576587, 0.12576587, 0.12576587, 0.12576587, 0.12576587, 0.12576587, 0.12576587, 0.12576587, 0.12576587, 0.12576587, 0.12576587, 0.12576587, 0.12576587, 0.12576587, 0.12576587, 0.12576587, 0.12576587, 0.12576587, 0.12576587, 0.12576587, 0.12576587, 0.12576587, 0.12576587, 0.12576587, 0.12576587, 0.12576587, 0.12576587, 0.12576587, 0.12576587, 0.12576587, 0.12576587, 0.12576587, 0.12576587, 0.12576587, 0.12576587, 0.12576587, 0.12576587, 0.12576587, 0.12576587, 0.12576587, 0.12576587, 0.12576587, 0.12576587, 0.12576587, 0.12576587, 0.12576587, 0.12576587, 0.12576587, 0.12576587, 0.12576587, 0.12576587, 0.12576587, 0.12576587, 0.12576587, 0.12576587, 0.12576587, 0.12576587, 0.12576587, 0.12576587, 0.12576587, 0.12576587, 0.12576587, 0.12576587, 0.12576587, 0.12576587, 0.12576587, 0.12576587, 0.12576587, 0.12576587, 0.12576587, 0.12576587, 0.12576587, 0.12576587, 0.12576587, 0.12576587, 0.12576587, 0.12576587, 0.12576587, 0.12576587, 
0.12534394, 0.12534394, 0.12534394, 0.12534394, 0.12534394, 0.12534394, 0.12534394, 0.12534394, 0.12534394, 0.12534394, 0.12534394, 0.12534394, 0.12534394, 0.12534394, 0.12534394, 0.12534394, 0.12534394, 0.12534394, 0.12534394, 0.12534394, 0.12534394, 0.12534394, 0.12534394, 0.12534394, 0.12534394, 0.12534394, 0.12534394, 0.12534394, 0.12534394, 0.12534394, 0.12534394, 0.12534394, 0.12534394, 0.12534394, 0.12534394, 0.12534394, 0.12534394, 0.12534394, 0.12534394, 0.12534394, 0.12534394, 0.12534394, 0.12534394, 0.12534394, 0.12534394, 0.12534394, 0.12534394, 0.12534394, 0.12534394, 0.12534394, 0.12534394, 0.12534394, 0.12534394, 0.12534394, 0.12534394, 0.12534394, 0.12534394, 0.12534394, 0.12534394, 0.12534394, 0.12534394, 0.12534394, 0.12534394, 0.12534394, 0.12534394, 0.12534394, 0.12534394, 0.12534394, 0.12534394, 0.12534394, 0.12534394, 0.12534394, 0.12534394, 0.12534394, 0.12534394, 0.12534394, 0.12534394, 0.12534394, 0.12534394, 0.12534394, 0.12534394, 0.12534394, 0.12534394, 0.12534394, 0.12534394, 0.12534394, 0.12534394, 0.12534394, 0.12534394, 0.12534394, 0.12534394, 0.12534394, 0.12534394, 0.12534394, 0.12534394, 0.12534394, 0.12534394, 0.12534394, 0.12534394, 0.12534394, 
0.12515161, 0.12515161, 0.12515161, 0.12515161, 0.12515161, 0.12515161, 0.12515161, 0.12515161, 0.12515161, 0.12515161, 0.12515161, 0.12515161, 0.12515161, 0.12515161, 0.12515161, 0.12515161, 0.12515161, 0.12515161, 0.12515161, 0.12515161, 0.12515161, 0.12515161, 0.12515161, 0.12515161, 0.12515161, 0.12515161, 0.12515161, 0.12515161, 0.12515161, 0.12515161, 0.12515161, 0.12515161, 0.12515161, 0.12515161, 0.12515161, 0.12515161, 0.12515161, 0.12515161, 0.12515161, 0.12515161, 0.12515161, 0.12515161, 0.12515161, 0.12515161, 0.12515161, 0.12515161, 0.12515161, 0.12515161, 0.12515161, 0.12515161, 0.12515161, 0.12515161, 0.12515161, 0.12515161, 0.12515161, 0.12515161, 0.12515161, 0.12515161, 0.12515161, 0.12515161, 0.12515161, 0.12515161, 0.12515161, 0.12515161, 0.12515161, 0.12515161, 0.12515161, 0.12515161, 0.12515161, 0.12515161, 0.12515161, 0.12515161, 0.12515161, 0.12515161, 0.12515161, 0.12515161, 0.12515161, 0.12515161, 0.12515161, 0.12515161, 0.12515161, 0.12515161, 0.12515161, 0.12515161, 0.12515161, 0.12515161, 0.12515161, 0.12515161, 0.12515161, 0.12515161, 0.12515161, 0.12515161, 0.12515161, 0.12515161, 0.12515161, 0.12515161, 0.12515161, 0.12515161, 0.12515161, 0.12515161, 
0.12507030, 0.12507030, 0.12507030, 0.12507030, 0.12507030, 0.12507030, 0.12507030, 0.12507030, 0.12507030, 0.12507030, 0.12507030, 0.12507030, 0.12507030, 0.12507030, 0.12507030, 0.12507030, 0.12507030, 0.12507030, 0.12507030, 0.12507030, 0.12507030, 0.12507030, 0.12507030, 0.12507030, 0.12507030, 0.12507030, 0.12507030, 0.12507030, 0.12507030, 0.12507030, 0.12507030, 0.12507030, 0.12507030, 0.12507030, 0.12507030, 0.12507030, 0.12507030, 0.12507030, 0.12507030, 0.12507030, 0.12507030, 0.12507030, 0.12507030, 0.12507030, 0.12507030, 0.12507030, 0.12507030, 0.12507030, 0.12507030, 0.12507030, 0.12507030, 0.12507030, 0.12507030, 0.12507030, 0.12507030, 0.12507030, 0.12507030, 0.12507030, 0.12507030, 0.12507030, 0.12507030, 0.12507030, 0.12507030, 0.12507030, 0.12507030, 0.12507030, 0.12507030, 0.12507030, 0.12507030, 0.12507030, 0.12507030, 0.12507030, 0.12507030, 0.12507030, 0.12507030, 0.12507030, 0.12507030, 0.12507030, 0.12507030, 0.12507030, 0.12507030, 0.12507030, 0.12507030, 0.12507030, 0.12507030, 0.12507030, 0.12507030, 0.12507030, 0.12507030, 0.12507030, 0.12507030, 0.12507030, 0.12507030, 0.12507030, 0.12507030, 0.12507030, 0.12507030, 0.12507030, 0.12507030, 0.12507030, 
0.12500000, 0.12500000, 0.12500000, 0.12500000, 0.12500000, 0.12500000, 0.12500000, 0.12500000, 0.12500000, 0.12500000, 0.12500000, 0.12500000, 0.12500000, 0.12500000, 0.12500000, 0.12500000, 0.12500000, 0.12500000, 0.12500000, 0.12500000, 0.12500000, 0.12500000, 0.12500000, 0.12500000, 0.12500000, 0.12500000, 0.12500000, 0.12500000, 0.12500000, 0.12500000, 0.12500000, 0.12500000, 0.12500000, 0.12500000, 0.12500000, 0.12500000, 0.12500000, 0.12500000, 0.12500000, 0.12500000, 0.12500000, 0.12500000, 0.12500000, 0.12500000, 0.12500000, 0.12500000, 0.12500000, 0.12500000, 0.12500000, 0.12500000, 0.12500000, 0.12500000, 0.12500000, 0.12500000, 0.12500000, 0.12500000, 0.12500000, 0.12500000, 0.12500000, 0.12500000, 0.12500000, 0.12500000, 0.12500000, 0.12500000, 0.12500000, 0.12500000, 0.12500000, 0.12500000, 0.12500000, 0.12500000, 0.12500000, 0.12500000, 0.12500000, 0.12500000, 0.12500000, 0.12500000, 0.12500000, 0.12500000, 0.12500000, 0.12500000, 0.12500000, 0.12500000, 0.12500000, 0.12500000, 0.12500000, 0.12500000, 0.12500000, 0.12500000, 0.12500000, 0.12500000, 0.12500000, 0.12500000, 0.12500000, 0.12500000, 0.12500000, 0.12500000, 0.12500000, 0.12500000, 0.12500000, 0.12500000, 
